seriesCode,0,1,2,3,4,5,6,7,8,9,10,11,12,13,14,15,16,17,18,19,20,21,22,23,24,25,26,27,28,29,30,31,32,33,34,35,36,37,38,39,40,41,42,43,44,45,46,47,48,49,50,51,52,53,54,55,56,57,58,59,60,61,62,63,64,65,66,67,68,69,70,71,72,73,74,75,76,77,78,79
sdg2_obesity,0.6823042029530022,0.6874282244165553,0.6925522458800909,0.6976762673436226,0.7028002888071838,0.7079243102707165,0.7130483317342524,0.7181723531977846,0.7232963746613356,0.7284203961248674,0.7335444175884043,0.738668439051935,0.7437924605154669,0.7489164819790024,0.7540405034425344,0.759164524906084,0.7642885463696157,0.7694125678331508,0.7745365892966822,0.7796606107602527,0.7847846322237882,0.7899086536873202,0.7950326751508693,0.8001566966144014,0.8052807180779364,0.8104047395414681,0.8155287610049987,0.8206527824685304,0.8257768039320664,0.8309008253956144,0.8360248468591459,0.8411488683226805,0.8462728897862122,0.8513969112497879,0.8565209327133196,0.8616449541768546,0.8667689756403864,0.8718929971039348,0.8770170185674695,0.882141040031001,0.8872650614945317,0.8923890829580631,0.8975131044215978,0.9026371258851293,0.9077611473486759,0.9128851688122072,0.9180091902757425,0.9231332117393234,0.9282572332028551,0.9333812546663897,0.9385052761299212,0.9436292975934674,0.9487533190569989,0.9538773405205333,0.9590013619840646,0.9641253834475961,0.9692494049111303,0.9743734263746616,0.979497447838207,0.9846214693017382,0.9897454907652724,0.9948695122288036,0.9999935336923895,1.0,1.0,1.0,1.0,1.0,1.0,1.0,1.0,1.0,1.0,1.0,1.0,1.0,1.0,1.0,1.0,1.0
sdg2_snmi,0.3483161931424092,0.34918322176756966,0.3500502503927175,0.35091727901788833,0.35178430764303603,0.35265133626819667,0.3535183648933598,0.35438539351851506,0.3552524221436783,0.35611945076883916,0.3569864793939865,0.3578535080191575,0.35872053664430475,0.3595875652694657,0.36045459389462925,0.36132162251978384,0.36218865114494736,0.36305567977010855,0.3639227083952555,0.36478973702042666,0.3656567656455734,0.3665237942707348,0.36739082289589864,0.3682578515210526,0.36912488014621647,0.36999190877137805,0.3708589373965245,0.37172596602169583,0.37259299464684215,0.3734600232720038,0.374327051897168,0.37519408052232145,0.3760611091474855,0.37692813777264733,0.37779516639779337,0.37866219502296483,0.37952922364811076,0.38039625227327273,0.3812632808984372,0.38213030952359006,0.38299733814875453,0.3838643667739168,0.38473139539906237,0.385598424024234,0.38646545264937954,0.38733248127454184,0.38819950989970653,0.38906653852485884,0.38993356715002364,0.39080059577518617,0.39166762440033137,0.39253465302550317,0.39340168165064826,0.3942687102758109,0.39513573890097586,0.39600276752612773,0.39686979615129275,0.3977368247764556,0.3986038534016004,0.39947088202677233,0.4003379106519171,0.40120493927707995,0.4020719679022452,0.402938996527396,0.4038060251525613,0.40467305377772445,0.4055400824028689,0.40640711102804095,0.40727413965318526,0.4081411682783485,0.40900819690351403,0.4098752255286649,0.4107422541538304,0.41160928277899383,0.41247631140413793,0.4133433400293101,0.4142103686544541,0.4150773972796176,0.4159444259047833,0.4168114545299338
sdg2_stunting,0.9185401454929235,0.9203964488991435,0.9222527523053258,0.9241090557115071,0.9259653591177244,0.9278216625239095,0.929677965930076,0.9315342693363082,0.93339057274249,0.9352468761486594,0.9371031795548412,0.9389594829610738,0.9408157863672401,0.9426720897734248,0.944528393179643,0.9463846965858239,0.9482409999920045,0.9500973033982232,0.9519536068044075,0.9538099102105738,0.955666213616807,0.9575225170229884,0.9593788204291573,0.9612351238353386,0.9630914272415718,0.9649477306477381,0.966804034053922,0.9686603374601416,0.9705166408663218,0.9723729442725028,0.9742292476787255,0.9760855510849065,0.9779418544910715,0.9797981578973057,0.9816544613034865,0.9835107647096553,0.9853670681158359,0.9872233715220703,0.9890796749282362,0.9909359783344195,0.9927922817406402,0.9946485851468198,0.9965048885530001,0.9983611919592241,1.0,1.0,1.0,1.0,1.0,1.0,1.0,1.0,1.0,1.0,1.0,1.0,1.0,1.0,1.0,1.0,1.0,1.0,1.0,1.0,1.0,1.0,1.0,1.0,1.0,1.0,1.0,1.0,1.0,1.0,1.0,1.0,1.0,1.0,1.0,1.0
sdg2_wasting,0.7660614322516797,0.76662277659216,0.7671841209326826,0.7677454652731814,0.7683068096137042,0.7688681539542213,0.7694294982947059,0.7699908426352428,0.7705521869757275,0.7711135313162457,0.7716748756567641,0.7722362199972483,0.7727975643377842,0.773358908678269,0.773920253018787,0.77448159735931,0.7750429416997898,0.7756042860403268,0.7761656303808113,0.7767269747213295,0.7772883190618527,0.77784966340235,0.7784110077428728,0.7789723520833913,0.779533696423871,0.7800950407643942,0.7806563851048923,0.7812177294454153,0.7817790737859329,0.7823404181264171,0.782901762466954,0.783463106807438,0.7840244511479568,0.7845857954884757,0.7851471398289597,0.7857084841694966,0.7862698285099805,0.7868311728504983,0.7873925171910215,0.7879538615315191,0.7885152058720426,0.7890765502125219,0.7896378945530408,0.7901992388935641,0.7907605832340605,0.7913219275745842,0.791883271915103,0.7924446162555865,0.793005960596124,0.793567304936603,0.7941286492771267,0.7946899936176457,0.7952513379581292,0.7958126822986655,0.7963740266391485,0.7969353709796679,0.7974967153201873,0.7980580596606706,0.7986194040012081,0.799180748341691,0.7997420926822093,0.8003034370227334,0.8008647813632298,0.8014261257037538,0.8019874700442324,0.8025488143847519,0.803110158725276,0.8036715030657722,0.8042328474062964,0.804794191746815,0.8053555360872975,0.8059168804278353,0.806478224768318,0.8070395691088378,0.8076009134493577,0.8081622577898401,0.8087236021303768,0.8092849464708594,0.809846290811379,0.8104076351519034
sdg3_births,0.9995599003734714,1.0,1.0,1.0,1.0,1.0,1.0,1.0,1.0,1.0,1.0,1.0,1.0,1.0,1.0,1.0,1.0,1.0,1.0,1.0,1.0,1.0,1.0,1.0,1.0,1.0,1.0,1.0,1.0,1.0,1.0,1.0,1.0,1.0,1.0,1.0,1.0,1.0,1.0,1.0,1.0,1.0,1.0,1.0,1.0,1.0,1.0,1.0,1.0,1.0,1.0,1.0,1.0,1.0,1.0,1.0,1.0,1.0,1.0,1.0,1.0,1.0,1.0,1.0,1.0,1.0,1.0,1.0,1.0,1.0,1.0,1.0,1.0,1.0,1.0,1.0,1.0,1.0,1.0,1.0
sdg3_fertility,0.9420383820610219,0.9423836443949317,0.9427289067288265,0.9430741690627209,0.9434194313966163,0.9437646937305109,0.9441099560644055,0.9444552183983,0.9448004807321984,0.9451457430660929,0.9454910053999875,0.9458362677338821,0.9461815300677775,0.9465267924016719,0.9468720547355666,0.9472173170694611,0.9475625794034079,0.9479078417373025,0.9482531040711972,0.9485983664050927,0.9489436287389872,0.9492888910728818,0.9496341534067764,0.9499794157406747,0.9503246780745692,0.950669940408464,0.9510152027423584,0.9513604650762538,0.9517057274101484,0.952050989744043,0.9523962520779375,0.9527415144118473,0.9530867767457418,0.9534320390796366,0.953777301413532,0.9541225637474265,0.9544678260813212,0.9548130884152157,0.955158350749114,0.9555036130830086,0.9558488754169032,0.9561941377507978,0.9565394000846932,0.9568846624185876,0.9572299247524824,0.9575751870863768,0.9579204494202714,0.9582657117541659,0.9586109740880606,0.9589562364219552,0.9593014987558506,0.9596467610897452,0.9599920234236398,0.960337285757538,0.9606825480914325,0.9610278104253271,0.9613730727592217,0.9617183350931172,0.9620635974270118,0.9624088597609064,0.9627541220948008,0.9630993844287105,0.9634446467626049,0.9637899090964996,0.9641351714303942,0.9644804337642895,0.9648256960981841,0.9651709584320787,0.965516220765977,0.9658614830998714,0.9662067454337661,0.9665520077676606,0.9668972701015559,0.9672425324354504,0.9675877947693452,0.9679330571032396,0.9682783194371878,0.9686235817710823,0.968968844104977,0.9693141064388715
sdg3_matmort,0.99414699917864,0.9942719154403,0.9943968317019194,0.9945217479635244,0.9946466642251431,0.994771580486803,0.9948964967484226,0.9950214130100239,0.9951463292716435,0.9952712455333034,0.9953961617949221,0.995521078056527,0.9956459943181464,0.9957709105797513,0.9958958268414114,0.9960207431030308,0.9961456593646357,0.9962705756262544,0.9963954918879144,0.996520408149534,0.9966453244111353,0.9967702406727547,0.9968951569344148,0.9970200731960335,0.9971449894576382,0.9972699057192578,0.9973948219808626,0.9975197382425228,0.9976446545041422,0.9977695707657462,0.9978944870273658,0.9980194032890258,0.9981443195506454,0.9982692358122467,0.998394152073866,0.9985190683355263,0.9986439845971449,0.9987689008587496,0.9988938171203691,0.999018733381974,0.9991436496436343,0.9992685659052536,0.9993934821668576,0.9995183984284771,0.9996433146901372,0.9997682309517532,0.999893147213358,1.0,1.0,1.0,1.0,1.0,1.0,1.0,1.0,1.0,1.0,1.0,1.0,1.0,1.0,1.0,1.0,1.0,1.0,1.0,1.0,1.0,1.0,1.0,1.0,1.0,1.0,1.0,1.0,1.0,1.0,1.0,1.0,1.0
sdg3_neonat,0.9521198541502828,0.9528527766828953,0.9535856992154929,0.9543186217480529,0.9550515442806504,0.955784466813263,0.9565173893458615,0.9572503118784212,0.9579832344110188,0.9587161569436318,0.9594490794762293,0.960182002008789,0.9609149245413903,0.961647847074003,0.9623807696066007,0.9631136921391603,0.963846614671758,0.9645795372043707,0.9653124597369693,0.9660453822695286,0.9667783048021265,0.9675112273347394,0.9682441498673372,0.9689770723998963,0.9697099949325091,0.9704429174651069,0.9711758399977196,0.9719087625303178,0.9726416850628767,0.9733746075954747,0.9741075301280884,0.9748404526606863,0.9755733751932453,0.9763062977258432,0.977039220258456,0.9777721427910577,0.9785050653236165,0.9792379878562144,0.9799709103888274,0.9807038329214255,0.981436755453984,0.982169677986583,0.9829026005191959,0.983635523051794,0.9843684455843525,0.9851013681169508,0.9858342906495635,0.9865672131821764,0.9873001357147748,0.9880330582473329,0.9887659807799314,0.9894989033125443,0.9902318258451425,0.9909647483777014,0.9916976709102997,0.9924305934429126,0.9931635159755112,0.9938964385080691,0.9946293610406673,0.995362283573284,0.9960952061058824,0.9968281286384402,0.9975610511710388,0.9982939737036517,0.9990268962362511,0.9997598187688086,1.0,1.0,1.0,1.0,1.0,1.0,1.0,1.0,1.0,1.0,1.0,1.0,1.0,1.0
sdg3_swb,0.6200000000000039,0.6228697175911299,0.625739435182257,0.6286091527733897,0.6314788703645382,0.6343485879556655,0.6372183055467966,0.6400880231379461,0.6429577407290733,0.6458274583202049,0.648697175911332,0.6515668935024814,0.6544366110936125,0.6573063286847398,0.6601760462758655,0.6630457638669979,0.6659154814581247,0.6687851990492722,0.6716549166403989,0.6745246342315311,0.6773943518226843,0.6802640694138116,0.6831337870049425,0.6860035045960907,0.6888732221872175,0.6917429397783487,0.6946126573694754,0.6974823749606023,0.700352092551733,0.70322181014286,0.7060915277340062,0.7089612453251378,0.7118309629162645,0.7147006805074223,0.7175703980985492,0.720440115689681,0.7233098332808269,0.7261795508719537,0.7290492684630844,0.7319189860542111,0.7347887036453378,0.7376584212364685,0.740528138827595,0.7433978564187412,0.7462675740098715,0.7491372916009982,0.7520070091921599,0.7548767267832914,0.7577464443744182,0.7606161619655631,0.7634858795566898,0.7663555971478211,0.7692253147389467,0.7720950323300735,0.7749647499212037,0.7778344675123489,0.7807041851034753,0.7835739026946055,0.786443620285732,0.7893133378768984,0.7921830554680285,0.7950527730591553,0.7979224906502991,0.8007922082414303,0.8036619258325568,0.8065316434236824,0.809401361014809,0.81227107860594,0.8151407961970832,0.8180105137882098,0.8208802313793395,0.823749948970509,0.8266196665616355,0.8294893841527656,0.8323591017438922,0.8352288193350362,0.838098536926166,0.8409682545172925,0.843837972108418,0.8467076896995487
sdg3_tb,0.9945485047818464,0.9949856457230004,0.9954227866641977,0.9958599276053518,0.9962970685465048,0.9967342094876993,0.9971713504288569,0.9976084913700098,0.9980456323112044,0.9984827732523612,0.9989199141935006,0.9993570551347097,0.9997941960758663,1.0,1.0,1.0,1.0,1.0,1.0,1.0,1.0,1.0,1.0,1.0,1.0,1.0,1.0,1.0,1.0,1.0,1.0,1.0,1.0,1.0,1.0,1.0,1.0,1.0,1.0,1.0,1.0,1.0,1.0,1.0,1.0,1.0,1.0,1.0,1.0,1.0,1.0,1.0,1.0,1.0,1.0,1.0,1.0,1.0,1.0,1.0,1.0,1.0,1.0,1.0,1.0,1.0,1.0,1.0,1.0,1.0,1.0,1.0,1.0,1.0,1.0,1.0,1.0,1.0,1.0,1.0
sdg3_traffic,0.9315517873882304,0.9335875155799394,0.9356232437716843,0.9376589719633934,0.939694700155087,0.9417304283467807,0.9437661565384894,0.9458018847302351,0.9478376129219437,0.9498733411136373,0.9519090693053458,0.953944797497091,0.9559805256887998,0.9580162538804932,0.9600519820722014,0.962087710263948,0.9641234384556564,0.966159166647346,0.9681948948390543,0.9702306230308013,0.9722663512225096,0.9743020794142028,0.9763378076059108,0.9783735357976583,0.9804092639893655,0.9824449921810587,0.9844807203727667,0.9865164485645144,0.9885521767562221,0.9905879049479155,0.9926236331396086,0.9946593613313163,0.9966950895230645,0.9987308177147721,1.0,1.0,1.0,1.0,1.0,1.0,1.0,1.0,1.0,1.0,1.0,1.0,1.0,1.0,1.0,1.0,1.0,1.0,1.0,1.0,1.0,1.0,1.0,1.0,1.0,1.0,1.0,1.0,1.0,1.0,1.0,1.0,1.0,1.0,1.0,1.0,1.0,1.0,1.0,1.0,1.0,1.0,1.0,1.0,1.0,1.0
sdg3_u5mort,0.9719976799374027,0.9724006226117509,0.9728035652860849,0.9732065079604183,0.9736094506347628,0.974012393309097,0.974415335983484,0.9748182786578284,0.9752212213321626,0.9756241640064957,0.976027106680841,0.9764300493551742,0.9768329920295614,0.9772359347039068,0.97763887737824,0.9780418200525732,0.9784447627269184,0.9788477054012515,0.9792506480756391,0.9796535907499841,0.9800565334243175,0.9804594760986507,0.9808624187729957,0.9812653614473834,0.9816683041217166,0.9820712467960618,0.9824741894703949,0.982877132144728,0.9832800748190733,0.9836830174934609,0.9840859601677949,0.9844889028421393,0.9848918455164722,0.9852947881908063,0.9856977308651507,0.9861006735395386,0.9865036162138724,0.9869065588882204,0.9873095015625499,0.9877124442368838,0.9881153869112317,0.988518329585616,0.9889212722599501,0.9893242149342978,0.9897271576086273,0.9901301002829614,0.990533042957309,0.9909359856316944,0.9913389283060275,0.9917418709803751,0.9921448136547056,0.9925477563290388,0.9929506990033866,0.9933536416777718,0.9937565843521049,0.9941595270264528,0.994562469700783,0.9949654123751308,0.995368355049464,0.9957712977238493,0.996174240398197,0.9965771830725303,0.9969801257468606,0.9973830684212082,0.9977860110955422,0.998188953769927,0.9985918964442745,0.9989948391186085,0.999397781792938,0.9998007244672857,1.0,1.0,1.0,1.0,1.0,1.0,1.0,1.0,1.0,1.0
sdg3_vac,0.9869302776463361,0.9875936605534196,0.9882570434605139,0.9889204263675975,0.9895838092746773,0.9902471921817607,0.9909105750888552,0.9915739579959387,0.9922373409030735,0.9929007238101569,0.9935641067172514,0.9942274896243348,0.9948908725314145,0.9955542554384988,0.9962176383455932,0.9968810212526765,0.9975444041598116,0.9982077870668951,0.9988711699739894,0.999534552881073,1.0,1.0,1.0,1.0,1.0,1.0,1.0,1.0,1.0,1.0,1.0,1.0,1.0,1.0,1.0,1.0,1.0,1.0,1.0,1.0,1.0,1.0,1.0,1.0,1.0,1.0,1.0,1.0,1.0,1.0,1.0,1.0,1.0,1.0,1.0,1.0,1.0,1.0,1.0,1.0,1.0,1.0,1.0,1.0,1.0,1.0,1.0,1.0,1.0,1.0,1.0,1.0,1.0,1.0,1.0,1.0,1.0,1.0,1.0,1.0
sdg4_primary,0.9716766805775024,0.9722766970593266,0.9728767135411475,0.9734767300229576,0.9740767465047785,0.9746767629866029,0.9752767794683733,0.9758767959501939,0.9764768124320043,0.9770768289138251,0.9776768453956494,0.9782768618774739,0.9788768783592954,0.979476894841105,0.9800769113229256,0.98067692780475,0.9812769442865201,0.9818769607683416,0.9824769772501514,0.9830769937319757,0.9836770102137963,0.9842770266956208,0.9848770431774424,0.985477059659252,0.9860770761410764,0.9866770926228974,0.9872771091046669,0.9878771255864884,0.9884771420682984,0.9890771585501226,0.9896771750319435,0.9902771915137687,0.9908772079955895,0.9914772244773992,0.9920772409592236,0.9926772574410445,0.9932772739228146,0.9938772904046355,0.9944773068864599,0.9950773233682696,0.9956773398500904,0.9962773563319156,0.9968773728137366,0.9974773892955608,0.9980774057773709,0.9986774222591916,0.9992774387409614,0.9998774552227824,1.0,1.0,1.0,1.0,1.0,1.0,1.0,1.0,1.0,1.0,1.0,1.0,1.0,1.0,1.0,1.0,1.0,1.0,1.0,1.0,1.0,1.0,1.0,1.0,1.0,1.0,1.0,1.0,1.0,1.0,1.0,1.0
sdg4_second,0.6647770687506365,0.6649184157378243,0.6650597627250342,0.6652011097122235,0.6653424566994072,0.665483803686617,0.665625150673805,0.665766497661016,0.6659078446482042,0.6660491916353931,0.6661905386225814,0.6663318856097911,0.6664732325969802,0.6666145795841639,0.6667559265713736,0.6668972735585619,0.6670386205457728,0.667179967532961,0.6673213145201499,0.6674626615073381,0.6676040084945492,0.6677453554817374,0.6678867024689206,0.6680280494561304,0.6681693964433186,0.6683107434305297,0.668452090417718,0.6685934374049065,0.6687347843920949,0.6688761313793059,0.6690174783664942,0.6691588253537041,0.669300172340887,0.6694415193280754,0.6695828663152864,0.6697242133024748,0.6698655602896633,0.6700069072768517,0.6701482542640627,0.670289601251251,0.6704309482384609,0.6705722952256441,0.6707136422128335,0.6708549892000433,0.6709963361872316,0.67113768317442,0.6712790301616084,0.6714203771488195,0.671561724136008,0.6717030711232177,0.6718444181104009,0.6719857650975902,0.6721271120848004,0.6722684590719941,0.6724098060591767,0.6725511530463651,0.6726925000335763,0.6728338470207648,0.6729751940079747,0.6731165409951575,0.6732578879823471,0.6733992349695571,0.6735405819567508,0.6736819289439337,0.6738232759311232,0.673964622918333,0.6741059699055216,0.6742473168927315,0.6743886638799143,0.6745300108671038,0.6746713578543139,0.6748127048415077,0.6749540518286904,0.67509539881588,0.6752367458030901,0.6753780927902784,0.6755194397774884,0.675660786764671,0.6758021337518606,0.6759434807390707
sdg5_edat,0.7068347969368357,0.7068961770618526,0.7069575571869007,0.7070189373119176,0.7070803174369656,0.7071416975619828,0.707203077687031,0.7072644578120477,0.7073258379370958,0.7073872180621138,0.707448598187162,0.7075099783121789,0.7075713584372272,0.7076327385622441,0.7076941186872923,0.707755498812309,0.7078168789373622,0.707878259062379,0.7079396391874271,0.708001019312444,0.7080623994374922,0.7081237795625092,0.7081851596875575,0.7082465398125741,0.7083079199376237,0.7083693000626404,0.7084306801876885,0.7084920603127054,0.7085534404377538,0.7086148205627706,0.7086762006878188,0.7087375808128356,0.7087989609378837,0.7088603410629319,0.7089217211879487,0.7089831013129969,0.7090444814380137,0.7091058615630621,0.709167241688079,0.7092286218131272,0.7092900019381438,0.7093513820631934,0.70941276218821,0.7094741423132584,0.7095355224382753,0.7095969025633236,0.7096582826883404,0.7097196628133886,0.7097810429384053,0.7098424230634586,0.7099038031884752,0.7099651833135235,0.7100265634385402,0.7100879435635887,0.7101493236886055,0.7102107038136538,0.7102720839386717,0.7103334640637199,0.7103948441887366,0.7104562243137849,0.7105176044388019,0.71057898456385,0.7106403646888668,0.7107017448139152,0.7107631249389317,0.7108245050640005,0.7108858851890172,0.7109472653140655,0.7110086454390822,0.7110700255641307,0.7111314056891473,0.7111927858141956,0.7112541659392123,0.7113155460642618,0.7113769261892784,0.7114383063143268,0.7114996864393437,0.711561066564392,0.7116224466894087,0.711683826814457
sdg5_lfpr,0.4926533642138224,0.49467621000684475,0.49669905579986856,0.4987219015928982,0.5007447473859206,0.5027675931789447,0.5047904389719945,0.5068132847650187,0.5088361305580412,0.5108589763510702,0.5128818221440943,0.5149046679371166,0.516927513730139,0.5189503595231628,0.5209732053161921,0.5229960511092143,0.5250188969022384,0.5270417426952878,0.52906458848831,0.5310874342813338,0.5331102800743625,0.5351331258673862,0.5371559716604083,0.5391788174534362,0.5412016632464599,0.5432245090394824,0.5452473548325115,0.5472702006255352,0.5492930464185841,0.5513158922116066,0.5533387380046305,0.555361583797659,0.5573844295906829,0.5594072753837052,0.5614301211767272,0.5634529669697511,0.5654758127627735,0.567498658555802,0.5695215043488255,0.5715443501418731,0.5735671959348952,0.5755900417279186,0.577612887520947,0.5796357333139691,0.5816585791069927,0.5836814249000285,0.5857042706930523,0.5877271164860748,0.589749962279103,0.5917728080721268,0.5937956538651492,0.5958184996581961,0.5978413454512195,0.5998641912442477,0.60188703703727,0.6039098828302938,0.6059327286233157,0.607955574416338,0.6099784202093617,0.6120012660023895,0.614024111795413,0.6160469575884353,0.6180698033814811,0.6200926491745042,0.622115494967532,0.6241383407605542,0.6261611865535774,0.6281840323466205,0.6302068781396428,0.6322297239326666,0.6342525697256943,0.6362754155187181,0.6382982613117405,0.6403211071047851,0.6423439528978087,0.6443667986908309,0.6463896444838588,0.6484124902768821,0.6504353360699043,0.6524581818629265
sdg5_parl,0.2307692307692279,0.23961672674863632,0.2484642227280459,0.25731171870745445,0.26615921468686055,0.2750067106662701,0.28385420664567895,0.29270170262507633,0.30154919860448565,0.3103966945838928,0.31924419056330283,0.3280916865427122,0.33693918252210864,0.34578667850151706,0.3546341744809236,0.3634816704603321,0.37232916643974123,0.38117666241914094,0.39002415839855,0.39887165437795713,0.4077191503573661,0.4165666463367757,0.42541414231618524,0.4342616382955943,0.443109134275002,0.4519566302544111,0.4608041262338208,0.46965162221322265,0.478499118192632,0.4873466141720401,0.49619411015144954,0.5050416061308314,0.5138891021102409,0.5227365980896497,0.5315840940690596,0.5404315900484665,0.5492790860278732,0.5581265820072789,0.5669740779866936,0.5758215739660962,0.5846690699455126,0.593516565924915,0.6023640619043161,0.6112115578837339,0.6200590538631322,0.6289065498425515,0.6377540458219444,0.6466015418013653,0.6554490377807624,0.6642965337601832,0.6731440297395791,0.6819915257189811,0.6908390216983762,0.699686517677801,0.7085340136571942,0.7173815096366195,0.726229005616008,0.7350765015954346,0.743923997574827,0.7527714935542535,0.7616189895336448,0.7704664855130354,0.7793139814924639,0.7881614774718536,0.7970089734512821,0.8058564694306708,0.8147039654100968,0.8235514613894849,0.832398957368915,0.8412464533483026,0.8500939493277343,0.8589414453071043,0.8677889412865369,0.8766364372659222,0.8854839332453557,0.8943314292247412,0.9031789252041715,0.9120264211835563,0.9208739171629903,0.9297214131423746
sdg6_sanita,0.9998608085415982,0.999890890751537,0.9999209729614617,0.9999510551713461,0.9999811373812705,1.0,1.0,1.0,1.0,1.0,1.0,1.0,1.0,1.0,1.0,1.0,1.0,1.0,1.0,1.0,1.0,1.0,1.0,1.0,1.0,1.0,1.0,1.0,1.0,1.0,1.0,1.0,1.0,1.0,1.0,1.0,1.0,1.0,1.0,1.0,1.0,1.0,1.0,1.0,1.0,1.0,1.0,1.0,1.0,1.0,1.0,1.0,1.0,1.0,1.0,1.0,1.0,1.0,1.0,1.0,1.0,1.0,1.0,1.0,1.0,1.0,1.0,1.0,1.0,1.0,1.0,1.0,1.0,1.0,1.0,1.0,1.0,1.0,1.0,1.0
sdg6_scarcew,0.9253693606268618,0.9253892499033567,0.9254091391798367,0.9254290284563667,0.9254489177328576,0.9254688070093379,0.9254886962858169,0.9255085855623089,0.9255284748387881,0.925548364115318,0.9255682533918098,0.9255881426682891,0.9256080319447683,0.9256279212212603,0.92564781049779,0.9256676997742702,0.9256875890507613,0.9257074783272403,0.9257273676037204,0.9257472568802114,0.9257671461567414,0.9257870354332214,0.9258069247097164,0.9258268139861917,0.9258467032626718,0.9258665925391665,0.9258864818156937,0.9259063710921729,0.9259262603686678,0.9259461496451438,0.9259660389216386,0.9259859281981179,0.926005817474645,0.9260257067511396,0.9260455960276189,0.9260654853040952,0.9260853745805898,0.92610526385707,0.9261251531335962,0.926145042410091,0.926164931686571,0.9261848209630502,0.9262047102395412,0.9262245995160214,0.9262444887925513,0.9262643780690433,0.9262842673455224,0.9263041566220016,0.9263240458984933,0.9263439351749726,0.9263638244515027,0.9263837137279944,0.9264036030044737,0.9264234922809528,0.9264433815574448,0.9264632708339746,0.9264831601104548,0.9265030493869458,0.926522938663425,0.9265428279399051,0.9265627172163998,0.926582606492926,0.9266024957694062,0.9266223850459009,0.9266422743223762,0.9266621635988563,0.926682052875351,0.9267019421518782,0.9267218314283574,0.9267417207048523,0.9267616099813283,0.9267814992578232,0.9268013885343024,0.9268212778108296,0.9268411670873242,0.9268610563638043,0.9268809456402797,0.9269008349167746,0.9269207241932547,0.9269406134697847
sdg6_water,0.9998907212240342,0.9999127925424538,0.9999348638608598,0.9999569351792839,0.9999790064977033,1.0,1.0,1.0,1.0,1.0,1.0,1.0,1.0,1.0,1.0,1.0,1.0,1.0,1.0,1.0,1.0,1.0,1.0,1.0,1.0,1.0,1.0,1.0,1.0,1.0,1.0,1.0,1.0,1.0,1.0,1.0,1.0,1.0,1.0,1.0,1.0,1.0,1.0,1.0,1.0,1.0,1.0,1.0,1.0,1.0,1.0,1.0,1.0,1.0,1.0,1.0,1.0,1.0,1.0,1.0,1.0,1.0,1.0,1.0,1.0,1.0,1.0,1.0,1.0,1.0,1.0,1.0,1.0,1.0,1.0,1.0,1.0,1.0,1.0,1.0
sdg7_co2twh,0.9897371870074512,0.9897577781411032,0.9897783692747527,0.9897989604084158,0.989819551542065,0.9898401426757181,0.9898607338094214,0.9898813249430707,0.9899019160767227,0.9899225072103721,0.9899430983440352,0.9899636894776848,0.9899842806113369,0.9900048717449862,0.9900254628786347,0.990046054012284,0.9900666451459361,0.9900872362795855,0.9901078274132494,0.9901284185469016,0.9901490096805509,0.9901696008142542,0.9901901919479035,0.9902107830815556,0.9902313742152051,0.9902519653488683,0.9902725564825176,0.9902931476161697,0.990313738749819,0.9903343298834675,0.9903549210171168,0.9903755121507698,0.990396103284433,0.9904166944180822,0.9904372855517344,0.9904578766853837,0.9904784678190871,0.9904990589527366,0.9905196500863886,0.990540241220038,0.9905608323537012,0.9905814234873505,0.9906020146210025,0.9906226057546519,0.9906431968883013,0.9906637880219533,0.9906843791556026,0.9907049702892657,0.9907255614229151,0.9907461525565672,0.9907667436902167,0.9907873348239201,0.9908079259575694,0.9908285170912216,0.9908491082248708,0.990869699358534,0.990890290492187,0.9909108816258363,0.9909314727594848,0.9909520638931341,0.9909726550267862,0.9909932461604355,0.9910138372940986,0.9910344284277481,0.9910550195614002,0.9910756106950495,0.991096201828753,0.9911167929624023,0.9911373840960543,0.9911579752297183,0.9911785663633677,0.9911991574970198,0.9912197486306691,0.9912403397643176,0.9912609308979669,0.991281522031619,0.9913021131652686,0.9913227042989317,0.9913432954325809,0.9913638865662331
sdg8_gdpgrowth,0.3546329142926096,0.3470972028579227,0.33956149142322256,0.3320257799885201,0.32449006855383095,0.31695435711913006,0.30941864568444066,0.30188293424973844,0.29434722281504316,0.2868115113803407,0.2792757999456509,0.27174008851096015,0.2642043770762554,0.256668665641564,0.2491329542068588,0.2415972427721709,0.23406153133746618,0.2265258199027754,0.2189901084680829,0.21145439703337887,0.20391868559868695,0.19638297416398362,0.1888472627292947,0.18131155129459361,0.1737758398598997,0.16624012842520464,0.15870441699050336,0.15116870555580877,0.1436329941211088,0.13609728268641813,0.1285615712517218,0.12102585981702396,0.1134901483823257,0.10595443694762809,0.09841872551293221,0.09088301407823496,0.08334730264354119,0.07581159120884559,0.06827587977414816,0.06074016833945007,0.05320445690475342,0.045668745470058045,0.038133034035361384,0.030597322600665475,0.02306161116596807,0.015525899731271504,0.007990188296575215,0.0004544768618788284,0.0,0.0,0.0,0.0,0.0,0.0,0.0,0.0,0.0,0.0,0.0,0.0,0.0,0.0,0.0,0.0,0.0,0.0,0.0,0.0,0.0,0.0,0.0,0.0,0.0,0.0,0.0,0.0,0.0,0.0,0.0,0.0
sdg8_impacc,0.9575711343880736,0.9581634892356607,0.9587558440833008,0.95934819893094,0.9599405537785802,0.9605329086262203,0.9611252634738566,0.9617176183214968,0.9623099731691369,0.9629023280167762,0.9634946828644164,0.9640870377120564,0.9646793925596815,0.9652717474073218,0.9658641022549618,0.966456457102601,0.9670488119502412,0.9676411667978811,0.9682335216455177,0.9688258764931577,0.9694182313407979,0.9700105861884372,0.9706029410360771,0.9711952958837174,0.9717876507313575,0.9723800055789975,0.9729723604266378,0.9735647152742771,0.9741570701219171,0.9747494249695573,0.9753417798171938,0.9759341346648338,0.9765264895124741,0.9771188443601134,0.9777111992077533,0.9783035540553786,0.9788959089030189,0.979488263750659,0.9800806185982983,0.9806729734459385,0.9812653282935786,0.9818576831412151,0.9824500379888553,0.9830423928364953,0.9836347476841347,0.9842271025317749,0.984819457379415,0.9854118122270005,0.9860041670746408,0.9865965219222806,0.9871888767699201,0.98778123161756,0.9883735864652002,0.9889659413128368,0.9895582961604767,0.9901506510081169,0.9907430058557563,0.9913353607033963,0.9919277155510365,0.9925200703986621,0.9931124252463019,0.9937047800939423,0.9942971349415816,0.9948894897892215,0.9954818446368618,0.9960741994844984,0.9966665543321384,0.9972589091797777,0.997851264027418,0.998443618875058,0.999035973722698,0.9996283285703383,1.0,1.0,1.0,1.0,1.0,1.0,1.0,1.0
sdg8_unemp,0.8977499999999817,0.8964240005020636,0.8950980010041254,0.8937720015061436,0.8924460020082214,0.8911200025102388,0.8897940030123044,0.8884680035143824,0.8871420040164008,0.8858160045184623,0.8844900050205442,0.883164005522562,0.8818380060246233,0.8805120065266895,0.8791860070287199,0.8778600075307851,0.8765340080328503,0.8752080085348819,0.873882009036947,0.8725560095390121,0.8712300100410427,0.869904010543108,0.8685780110451696,0.8672520115471882,0.8659260120492698,0.8646000125513306,0.86327401305335,0.8619480135554276,0.8606220140574461,0.8592960145595108,0.8579700150615883,0.8566440155636081,0.8553180160656686,0.85399201656775,0.8526660170697693,0.8513400175718305,0.8500140180738947,0.848688018575927,0.8473620190779912,0.8460360195800556,0.844710020082089,0.8433840205841533,0.8420580210862173,0.8407320215882501,0.839406022090314,0.8380800225923747,0.8367540230943946,0.8354280235964758,0.8341020240985355,0.8327760246005566,0.8314500251026335,0.8301240256046972,0.8287980261067172,0.8274720266087942,0.8261460271108155,0.8248200276128749,0.823494028114956,0.8221680286169767,0.8208420291190367,0.8195160296211003,0.8181900301231342,0.8168640306251975,0.8155380311272609,0.8142120316292961,0.8128860321313595,0.8115600326334225,0.8102340331354573,0.8089080336375213,0.8075820341395796,0.8062560346416011,0.804930035143682,0.8036040356457403,0.8022780361477629,0.8009520366498395,0.799626037151902,0.798300037653924,0.796974038156,0.7956480386580231,0.7943220391600812,0.7929960396621618
sdg9_articles,0.056756997094225874,0.057104838392449696,0.05745267969067657,0.057800520988900136,0.0581483622871271,0.05849620358535081,0.05884404488357685,0.059191886181800615,0.05953972748002757,0.05988756877825108,0.06023541007647807,0.06058325137470178,0.060931092672925485,0.06127893397115249,0.06162677526937617,0.06197461656760304,0.06232245786582664,0.06267029916405374,0.06301814046227648,0.06336598176050358,0.0637138230587272,0.06406166435695412,0.0644095056551777,0.06475734695340128,0.06510518825162834,0.06545302954985213,0.06580087084807895,0.06614871214630251,0.06649655344452943,0.06684439474275267,0.06719223604097961,0.06754007733920309,0.06788791863742974,0.06823575993565409,0.06858360123388087,0.06893144253210436,0.06927928383032785,0.06962712512855451,0.06997496642677895,0.0703228077250056,0.07067064902322905,0.0710184903214549,0.07136633161967972,0.07171417291790631,0.07206201421612955,0.07240985551435604,0.07275769681258112,0.07310553811080454,0.07345337940903099,0.07380122070725437,0.0741490620054806,0.0744969033037059,0.0748447446019323,0.07519258590015492,0.07554042719838121,0.07588826849660656,0.07623610979483289,0.07658395109305619,0.07693179239127948,0.07727963368950573,0.07762747498773145,0.0779753162859575,0.07832315758418079,0.0786709988824069,0.07901884018063215,0.07936668147885828,0.07971452277708152,0.08006236407530744,0.08041020537353358,0.0807580466717596,0.08110588796998285,0.08145372926820608,0.08180157056643203,0.08214941186465821,0.08249725316288414,0.08284509446110737,0.0831929357593326,0.08354077705755907,0.08388861835578498,0.08423645965400803
sdg9_intuse,0.996465592641783,1.0,1.0,1.0,1.0,1.0,1.0,1.0,1.0,1.0,1.0,1.0,1.0,1.0,1.0,1.0,1.0,1.0,1.0,1.0,1.0,1.0,1.0,1.0,1.0,1.0,1.0,1.0,1.0,1.0,1.0,1.0,1.0,1.0,1.0,1.0,1.0,1.0,1.0,1.0,1.0,1.0,1.0,1.0,1.0,1.0,1.0,1.0,1.0,1.0,1.0,1.0,1.0,1.0,1.0,1.0,1.0,1.0,1.0,1.0,1.0,1.0,1.0,1.0,1.0,1.0,1.0,1.0,1.0,1.0,1.0,1.0,1.0,1.0,1.0,1.0,1.0,1.0,1.0,1.0
sdg9_mobuse,0.43049911796003587,0.4414399954256931,0.4523808728913498,0.46332175035700707,0.4742626278226642,0.48520350528832146,0.4961443827539714,0.5070852602196289,0.518026137685286,0.5289670151509416,0.5399078926166004,0.5508487700822539,0.5617896475479152,0.5727305250135665,0.5836714024792283,0.5946122799448778,0.6055531574105429,0.6164940348761907,0.6274349123418573,0.6383757898075034,0.649316667273172,0.6602575447388166,0.671198422204465,0.6821392996701086,0.6930801771357803,0.7040210546014225,0.7149619320670952,0.7259028095327362,0.7368436869984105,0.7477845644640503,0.7587254419297246,0.7696663193953631,0.7806071968610397,0.7915480743266773,0.8024889517923546,0.813429829257991,0.8243707067236696,0.8353115841893052,0.8462524616549804,0.8571933391206151,0.8681342165862955,0.8790750940519293,0.8900159715176104,0.9009568489832435,0.9118977264489255,0.9228386039145576,0.9337794813802396,0.944720358845871,0.9556612363115546,0.9666021137771854,0.9775429912428694,0.9884838687084995,0.9994247461741843,1.0,1.0,1.0,1.0,1.0,1.0,1.0,1.0,1.0,1.0,1.0,1.0,1.0,1.0,1.0,1.0,1.0,1.0,1.0,1.0,1.0,1.0,1.0,1.0,1.0,1.0,1.0
sdg11_pm25,0.34055325375406076,0.34056280916170845,0.34057236456936407,0.3405819199770118,0.3405914753846563,0.340601030792304,0.34061058619995965,0.3406201416076074,0.3406296970152525,0.3406392524229117,0.3406488078305593,0.3406583632382151,0.3406679186458622,0.3406774740535073,0.3406870294611549,0.34069658486881066,0.34070614027645574,0.3407156956841033,0.3407252510917625,0.3407348064994096,0.3407443619070654,0.340753917314713,0.34076347272235813,0.34077302813000326,0.34078258353765095,0.3407921389453066,0.3408016943529543,0.3408112497606129,0.34082080516826063,0.34083036057591626,0.34083991598356395,0.3408494713912091,0.3408590267988542,0.3408685822065018,0.3408781376141569,0.3408876930218046,0.34089724842946373,0.3409068038371115,0.34091635924475655,0.3409259146524123,0.3409354700600599,0.340945025467705,0.34095458087535213,0.34096413628300787,0.34097369169065544,0.34098324709831473,0.34099280250595987,0.34100235791360756,0.3410119133212631,0.34102146872891026,0.34103102413655534,0.34104057954420297,0.3410501349518587,0.3410596903595038,0.34106924576715153,0.34107880117481065,0.3410883565824584,0.34109791199011347,0.34110746739776127,0.34111702280540623,0.341126578213054,0.34113613362069906,0.34114568902835474,0.34115524443600237,0.341164799843661,0.34117435525130874,0.3411839106589643,0.34119346606661205,0.34120302147425713,0.3412125768819023,0.3412221322895499,0.3412316876972056,0.3412412431048527,0.34125079851251194,0.3412603539201596,0.3412699093278153,0.3412794647354604,0.34128902014310813,0.3412985755507531,0.34130813095840085
sdg11_transport,0.7000000000000064,0.7007794848317027,0.7015589696634043,0.7023384544951006,0.7031179393267971,0.7038974241584935,0.7046769089901911,0.7054563938218874,0.7062358786535841,0.7070153634852804,0.7077948483169973,0.7085743331486937,0.7093538179803902,0.7101333028120865,0.7109127876437841,0.7116922724754804,0.7124717573071769,0.7132512421388733,0.7140307269705746,0.7148102118022709,0.7155896966339677,0.716369181465664,0.7171486662973614,0.7179281511290577,0.7187076359607543,0.7194871207924506,0.720266605624147,0.7210460904558433,0.7218255752875399,0.7226050601192362,0.7233845449509336,0.72416402978263,0.7249435146143266,0.7257229994460229,0.7265024842777241,0.7272819691094204,0.728061453941117,0.7288409387728133,0.7296204236045107,0.7303999084362071,0.7311793932679037,0.7319588780995999,0.732738362931316,0.7335178477630123,0.7342973325947089,0.7350768174264051,0.7358563022581026,0.7366357870897989,0.7374152719214955,0.7381947567531918,0.7389742415848929,0.7397537264165892,0.7405332112482856,0.741312696079982,0.7420921809116793,0.7428716657433756,0.7436511505750721,0.7444306354067683,0.7452101202385003,0.7459896050701966,0.7467690899018933,0.7475485747335896,0.748328059565287,0.7491075443969833,0.74988702922868,0.7506665140603763,0.7514459988920774,0.7522254837237738,0.7530049685554704,0.7537844533871667,0.7545639382188642,0.7553434230505607,0.7561229078822572,0.7569023927139535,0.7576818775456691,0.7584613623773654,0.7592408472090618,0.7600203320407583,0.7607998168724557,0.7615793017041519
sdg13_co2gcp,0.6752788717850942,0.6772587173288256,0.6792385628725296,0.6812184084162388,0.6831982539599639,0.6851780995036727,0.6871579450473753,0.6891377905910844,0.6911176361348088,0.6930974816785176,0.6950773272222214,0.6970571727659552,0.6990370183096642,0.7010168638533885,0.7029967093970975,0.7049765549408,0.7069564004845086,0.7089362460282327,0.7109160915719415,0.7128959371156451,0.7148757826593809,0.7168556282030893,0.7188354737468121,0.720815319290521,0.7227951648342243,0.724775010377933,0.7267548559216366,0.7287347014653602,0.7307145470090687,0.7326943925528062,0.7346742380965149,0.7366540836402371,0.7386339291839452,0.740613774727649,0.7425936202713527,0.7445734658150611,0.7465533113587841,0.7485331569024921,0.7505130024462305,0.7524928479899391,0.7544726935336616,0.75645253907737,0.7584323846210737,0.7604122301647773,0.7623920757084856,0.7643719212522077,0.766351766795916,0.7683316123396562,0.7703114578833642,0.7722913034270865,0.7742711489707947,0.7762509945144983,0.7782308400582019,0.7802106856019096,0.7821905311456306,0.7841703766893385,0.7861502222330814,0.7881300677767895,0.7901099133205115,0.7920897588642151,0.794069604407923,0.7960494499516262,0.7980292954953342,0.8000091410390547,0.8019889865827622,0.8039688321265068,0.8059486776702104,0.8079285232139184,0.8099083687576398,0.8118882143013474,0.8138680598450497,0.8158479053887577,0.8178277509324785,0.8198075964761862,0.8217874420199324,0.8237672875636358,0.8257471331073436,0.8277269786510643,0.8297068241947722,0.8316866697384745
sdg13_co2import,0.9782959192509977,0.9783024546403493,0.9783089900296322,0.9783155254189306,0.9783220608082677,0.9783285961975652,0.9783351315868515,0.9783416669761492,0.9783482023654869,0.9783547377547847,0.9783612731440673,0.978367808533419,0.9783743439227167,0.9783808793120002,0.9783874147012978,0.9783939500906347,0.978400485479936,0.9784070208692188,0.9784135562585172,0.9784200916478539,0.9784266270371517,0.9784331624264493,0.9784396978157863,0.9784462332050837,0.9784527685943674,0.978459303983665,0.9784658393730056,0.9784723747623032,0.9784789101515858,0.9784854455408842,0.9784919809302213,0.9784985163195189,0.9785050517088163,0.9785115870981533,0.9785181224874517,0.9785246578767346,0.9785311932660358,0.9785377286553726,0.9785442640446703,0.9785507994339538,0.9785573348232516,0.9785638702126033,0.9785704056018859,0.9785769409911836,0.9785834763805213,0.9785900117698191,0.9785965471591017,0.9786030825484029,0.9786096179377399,0.9786161533270383,0.9786226887163213,0.9786292241056186,0.9786357594949703,0.9786422948842532,0.9786488302735517,0.9786553656628885,0.9786619010521862,0.9786684364414725,0.9786749718307702,0.9786815072201079,0.9786880426094053,0.9786945779986883,0.97870111338804,0.9787076487773377,0.9787141841666204,0.9787207195559188,0.9787272549452557,0.978733790334557,0.9787403257238397,0.9787468611131372,0.978753396502475,0.9787599318917727,0.9787664672810703,0.9787730026704073,0.9787795380597047,0.9787860734489883,0.978792608838286,0.9787991442276265,0.978805679616924,0.9788122150062069
sdg14_cleanwat,0.546299999999987,0.5476757807374897,0.5490515614749679,0.5504273422124445,0.5518031229499276,0.5531789036874057,0.5545546844248906,0.555930465162369,0.5573062458998458,0.5586820266373289,0.5600578073748069,0.5614335881123095,0.5628093688497862,0.5641851495872644,0.5655609303247471,0.5669367110622253,0.5683124917997019,0.5696882725371786,0.5710640532746565,0.5724398340121394,0.5738156147496176,0.5751913954870942,0.5765671762245959,0.5779429569620735,0.5793187376995563,0.5806945184370329,0.5820702991745109,0.583446079912001,0.5848218606494792,0.586197641386956,0.5875734221244387,0.5889492028619167,0.5903249835994179,0.5917007643368946,0.5930765450743727,0.5944523258118549,0.595828106549333,0.5972038872868098,0.5985796680242864,0.5999554487617644,0.6013312294992467,0.6027070102367247,0.6040827909742014,0.6054585717117018,0.6068343524491795,0.6082101331866618,0.6095859139241384,0.6109616946616163,0.6123374753991111,0.6137132561365891,0.6150890368740659,0.6164648176115484,0.6178405983490266,0.6192163790865264,0.6205921598240043,0.6219679405614809,0.6233437212989632,0.6247195020364409,0.6260952827739176,0.627471063511394,0.628846844248872,0.6302226249863541,0.631598405723832,0.6329741864613084,0.6343499671988079,0.6357257479362856,0.6371015286737676,0.638477309411244,0.639853090148722,0.6412288708862214,0.6426046516236991,0.6439804323611812,0.6453562130986578,0.6467319938361359,0.6481077745736346,0.6494835553111125,0.650859336048589,0.6522351167860712,0.6536108975235487,0.6549866782610253
sdg14_trawl,0.890180236014992,0.8942311921751102,0.8982821483352772,0.9023331044953953,0.9063840606555625,0.9104350168156802,0.9144859729758477,0.918536929135969,0.9225878852961367,0.9266388414562537,0.9306897976164218,0.9347407537765386,0.9387917099367071,0.9428426660968238,0.9468936222569923,0.9509445784171094,0.9549955345772781,0.9590464907373942,0.9630974468975633,0.9671484030576792,0.9711993592178486,0.9752503153779641,0.9793012715381336,0.9833522276983035,0.9874031838584189,0.9914541400185888,0.9955050961787039,0.9995560523388741,1.0,1.0,1.0,1.0,1.0,1.0,1.0,1.0,1.0,1.0,1.0,1.0,1.0,1.0,1.0,1.0,1.0,1.0,1.0,1.0,1.0,1.0,1.0,1.0,1.0,1.0,1.0,1.0,1.0,1.0,1.0,1.0,1.0,1.0,1.0,1.0,1.0,1.0,1.0,1.0,1.0,1.0,1.0,1.0,1.0,1.0,1.0,1.0,1.0,1.0,1.0,1.0
sdg15_redlist,0.7490000000000144,0.7530702369900916,0.7571404739802208,0.761210710970317,0.7652809479604084,0.7693511849505228,0.7734214219406182,0.7774916589307477,0.7815618959208431,0.7856321329109334,0.7897023699010506,0.7937726068911407,0.7978428438812353,0.8019130808713658,0.8059833178614598,0.8100535548515773,0.8141237918416668,0.8181940288317603,0.8222642658218929,0.8263345028119686,0.8304047398021009,0.8344749767921938,0.8385452137822865,0.8426154507724192,0.8466856877624946,0.8507559247526278,0.854826161742721,0.8588963987328088,0.8629666357229299,0.8670368727130174,0.8711071097031557,0.8751773466932471,0.8792475836833343,0.8833178206734565,0.8873880576635444,0.8914582946536352,0.8955285316437704,0.8995987686338448,0.9036690056239842,0.9077392426140707,0.9118094796041608,0.9158797165942967,0.9199499535843718,0.9240201905745081,0.9280904275645979,0.9321606645546834,0.936230901544824,0.9403011385348977,0.9443713755250351,0.9484416125151242,0.95251184950521,0.9565820864953362,0.9606523234854212,0.9647225604755095,0.9687927974656513,0.9728630344557357,0.9769332714458631,0.9810035084359474,0.9850737454260361,0.9891439824161748,0.9932142194062481,0.9972844563963871,1.0,1.0,1.0,1.0,1.0,1.0,1.0,1.0,1.0,1.0,1.0,1.0,1.0,1.0,1.0,1.0,1.0,1.0
sdg16_homicides,0.9965038244219775,0.9966062373627219,0.9967086503035102,0.996811063244309,0.996913476185112,0.9970158891258968,0.9971183020666963,0.9972207150074432,0.9973231279482426,0.9974255408890276,0.9975279538298305,0.9976303667706293,0.9977327797114176,0.9978351926521618,0.9979376055929613,0.9980400185337489,0.9981424314745483,0.9982448444153516,0.9983472573561365,0.9984496702969359,0.9985520832376827,0.9986544961784821,0.9987569091192672,0.9988593220600701,0.9989617350008688,0.9990641479416573,0.9991665608824014,0.9992689738232008,0.9993713867639885,0.9994737997047879,0.9995762126455875,0.9996786255863759,0.9997810385271746,0.9998834514679223,0.9999858644087217,1.0,1.0,1.0,1.0,1.0,1.0,1.0,1.0,1.0,1.0,1.0,1.0,1.0,1.0,1.0,1.0,1.0,1.0,1.0,1.0,1.0,1.0,1.0,1.0,1.0,1.0,1.0,1.0,1.0,1.0,1.0,1.0,1.0,1.0,1.0,1.0,1.0,1.0,1.0,1.0,1.0,1.0,1.0,1.0,1.0
sdg16_rsf,0.3987000000000048,0.39890615085142034,0.39911230170285417,0.39931845255426973,0.39952460340570584,0.3997307542571209,0.3999369051085569,0.4001430559599725,0.4003492068113882,0.4005553576628242,0.40076150851423925,0.4009676593656753,0.40117381021709086,0.4013799610685248,0.40158611191994026,0.40179226277137586,0.40199841362279143,0.4022045644742275,0.40241071532563405,0.40261686617707015,0.4028230170284857,0.4030291678799214,0.4032353187313368,0.40344146958277083,0.4036476204341863,0.40385377128562244,0.4040599221370374,0.40426607298847356,0.40447222383988907,0.40467837469130447,0.4048845255427407,0.4050906763941555,0.4052968272455919,0.40550297809700714,0.4057091289484413,0.40591527979985653,0.4061214306512929,0.40632758150270776,0.40653373235414403,0.4067398832055505,0.40694603405698687,0.4071521849084021,0.407358335759838,0.40756448661125316,0.40777063746268966,0.4079767883141027,0.4081829391655391,0.40838909001695384,0.4085952408683904,0.4088013917198055,0.4090075425712207,0.4092136934226571,0.40941984427407235,0.40962599512550835,0.40983214597692347,0.4100382968283578,0.41024444767977297,0.4104505985312094,0.4106567493826241,0.4108629002340605,0.41106905108547576,0.4112752019369035,0.41148135278831854,0.4116875036397546,0.4118936544911697,0.41209980534260626,0.41230595619401916,0.41251210704545577,0.41271825789687083,0.412924408748307,0.41313055959972195,0.41333671045113696,0.41354286130257367,0.41374901215398857,0.41395516300542484,0.41416131385683974,0.41436746470827646,0.4145736155596893,0.41477976641112596,0.4149859172625404
sdg17_govex,0.1499515313920199,0.15040605980053118,0.15086058820904277,0.15131511661755404,0.15176964502606677,0.15222417343457834,0.15267870184308963,0.1531332302516068,0.15358775866011834,0.15404228706862957,0.15449681547714228,0.15495134388565382,0.15540587229416505,0.15586040070268137,0.15631492911119296,0.15676945751970428,0.15722398592821693,0.1576785143367286,0.1581330427452399,0.15858757115375685,0.15904209956226845,0.15949662797077974,0.15995115637929233,0.16040568478780395,0.16086021319631524,0.16131474160482645,0.16176927001333805,0.16222379842184934,0.16267832683036193,0.1631328552388735,0.16358738364738476,0.1640419120559015,0.16449644046441272,0.16495096887292432,0.16540549728143686,0.1658600256899481,0.16631455409845963,0.16676908250697745,0.1672236109154887,0.16767813932400033,0.1681326677325129,0.1685871961410242,0.16904172454953578,0.16949625295805237,0.16995078136656364,0.17040530977507523,0.17085983818358774,0.17131436659209903,0.1717688950006106,0.1722234234091218,0.17267795181763307,0.17313248022614455,0.17358700863465712,0.1740415370431684,0.17449606545167987,0.17495059386019635,0.17540512226870758,0.17585965067721904,0.17631417908573155,0.17676870749424278,0.1772232359027543,0.17767776431127344,0.1781322927197847,0.17858682112829627,0.17904134953680753,0.17949587794532007,0.17995040635383158,0.18040493476234287,0.18085946317085916,0.18131399157937064,0.1817685199878819,0.18222304839639442,0.18267757680490587,0.18313210521341713,0.18358663362192842,0.18404116203043988,0.18449569043895117,0.18495021884746363,0.18540474725597508,0.18585927566448635
