seriesCode,0,1,2,3,4,5,6,7,8,9,10,11,12,13,14,15,16,17,18,19,20,21,22,23,24,25,26,27,28,29,30,31,32,33,34,35,36,37,38,39,40,41,42,43,44,45,46,47,48,49,50,51,52,53,54,55,56,57,58,59,60,61,62,63,64,65,66,67,68,69,70,71,72,73,74,75,76,77,78,79
sdg1_320pov,0.6446000000000031,0.6448252027693744,0.6451102787184013,0.645333485715126,0.6455706631204268,0.645801853207769,0.6460130855685644,0.6462243179293568,0.6464135967909475,0.646636803787671,0.6468999262374876,0.6471470825060679,0.6474042176379239,0.6476274246346477,0.6478526274040254,0.648103775217916,0.6483529272591503,0.6486000835277301,0.6488272820697637,0.6490744383383446,0.6492876664717936,0.6494969030599314,0.6497360762378918,0.6499792409611617,0.6502263972297432,0.6504515999991218,0.6507047435856672,0.6509538956269036,0.6511731110783154,0.6514222631195492,0.651667423615476,0.651906596793438,0.6521836896518435,0.6524208670571494,0.6526620360077647,0.6529091922763451,0.6531802978167843,0.6534094921314728,0.6536486653094333,0.6538738680788108,0.654095079302878,0.6543502186620785,0.6545574594775615,0.6548046157461427,0.6550378016061396,0.6552330677856935,0.6554921986902028,0.6557653000032978,0.6560064689539133,0.6562436463592214,0.6564588702653236,0.6567020349885947,0.6569511870298297,0.6572442460694733,0.6574894065653988,0.6577205966527413,0.6579577740580486,0.6581510444649467,0.6583722556890134,0.6586094330943207,0.6588506020449376,0.6590797963596251,0.6593229610828957,0.6595940666233344,0.6598212651653659,0.6600823918425316,0.6603115861572193,0.6605567466531452,0.6608218648756202,0.6610710169168551,0.6612982154588867,0.6615413801821587,0.6617625914062257,0.6620376884919756,0.662292827851176,0.662530005256482,0.6627951234789563,0.6630422797475378,0.6632854444708093,0.6635006683769116
sdg1_wpc,0.8544999999999902,0.855000645656582,0.855325403838535,0.8556181824796503,0.8558812658328381,0.8562083082677104,0.856489665644234,0.8567733072736803,0.8571140552260528,0.8574022653613308,0.8577156022786993,0.8580517817252415,0.8583536973780217,0.8587309933770746,0.8590626043177786,0.8593919310055653,0.8597235419462738,0.8600460158753094,0.860393616586436,0.8607001007450531,0.8610522699620142,0.8613701753852142,0.8617040705788398,0.8619717224378616,0.862271353837724,0.862584690755094,0.8628774693962075,0.8631748165431529,0.8634904377134394,0.8637809321016343,0.8641034060306679,0.8644076059363704,0.8647049530833162,0.8650731120706977,0.8653841647351498,0.86567922762918,0.8659628692586214,0.8663333124989214,0.8666283753929528,0.8669394280574003,0.8672778917568592,0.8675386908571308,0.86782461673949,0.8681448064156096,0.8684764173563175,0.868826302320359,0.869130502226058,0.8694438391434279,0.8697434705432903,0.8700659444723267,0.8703884184013657,0.8707268821008216,0.8710996095940374,0.8714403575464144,0.8717377046933608,0.8720076408053001,0.8723141249639179,0.8726365988929533,0.8729453673044865,0.8732724097393603,0.8735377773454628,0.8738191347219889,0.8741141976160209,0.8744138290158835,0.8747317344390856,0.8750313658389518,0.8753812508029943,0.8756923034674439,0.876033051419821,0.8763600938546914,0.8767008418070654,0.8770507267711104,0.8773754849530638,0.8777345069287762,0.8780021587878014,0.8783040744405822,0.8785991373346101,0.8789535908044916,0.8792189584105947,0.8795208740633761
sdg2_crlyld,0.053157691695901114,0.05321970581314891,0.053266937477404325,0.05331381717849225,0.05336104884274711,0.05341567173349883,0.05346008769242102,0.053515414509505733,0.05356475795275966,0.053613045506513884,0.05366238894976768,0.05371384417202057,0.05376389154160735,0.05381147516902874,0.05386328235444821,0.05391508953986756,0.053965136909454335,0.0540113126842096,0.05406136005379651,0.05410788779171825,0.054159694977137594,0.05421607768372157,0.05426401327430946,0.05431406064389635,0.05436516390298274,0.0544130994935704,0.054469482200154525,0.05451741779074239,0.054579783871157216,0.0546308871302436,0.05468058253666387,0.05473450150108245,0.05479475580249821,0.054847266914250695,0.05489801821017052,0.054943842021759115,0.05499776098617769,0.055050272097930154,0.05509820768851794,0.055149662910770794,0.05519865439085811,0.05525292531844319,0.05530719624602821,0.05536357895261219,0.05541503417486513,0.055468601176117176,0.05552639173536733,0.05557503125228808,0.055634229664204206,0.05568357310745816,0.055737844035043144,0.05578824336779642,0.05584145840588197,0.05589080184913567,0.05594436885038776,0.05599617603580716,0.05605326266872429,0.05611070126480797,0.056161804523894354,0.05621783526731193,0.056277737605561165,0.05633095264364665,0.0563848716080652,0.056446181798980435,0.05650256450556459,0.05656035506481476,0.05661286617656714,0.056678047962314126,0.05673302281623219,0.05678518196481816,0.05683698915023757,0.056887740446157485,0.05693532407357869,0.056990650890663255,0.057047737523580354,0.05709461722466859,0.05714924011542018,0.057200695337673045,0.05725179859675944,0.05730501363484494
sdg2_obesity,0.8551227924073189,0.8545016136599989,0.8538804349126556,0.8531783386587152,0.8525645160483376,0.8518771320683269,0.8511750358143625,0.8505023641082834,0.8497708433064587,0.8490908154634145,0.8484181437573128,0.8477234036403227,0.8470948687560287,0.8464295531869023,0.8457936621656399,0.8450694975007825,0.8443968257947012,0.8437315102255681,0.8431323998891409,0.8424965088678658,0.8417870564769562,0.8410849602229943,0.8403975762429834,0.8397543290847447,0.8390522328307998,0.8383942733986296,0.8376995332816539,0.837041573849484,0.8364056828282244,0.8357330111221297,0.8350529832790781,0.8344318045317417,0.8338106257844146,0.8331600224892154,0.8324285016873985,0.8317190492964832,0.8310831582752188,0.8304104865691277,0.8297598832739258,0.8290798554308773,0.8283924714508489,0.8277050874708355,0.8270544841756322,0.8264038808804448,0.8257606337222073,0.8250511813312994,0.8243785096252002,0.8236764133712515,0.8230552346239131,0.822389919054795,0.8216657543899393,0.8210372195056435,0.8203792600734814,0.8197507251891858,0.8190192043873695,0.8183391765443153,0.8177106416600145,0.8170306138169562,0.8163505859739024,0.8156337774460167,0.8150273109726177,0.8143472831295584,0.8137408166561592,0.8130534326761312,0.812373404833082,0.811722801537882,0.8110354175578637,0.8103921703996275,0.8097857039262336,0.8091718813158599,0.8084403605140502,0.8077971133558155,0.8071244416497296,0.8064738383545301,0.8058011666484447,0.8051652756271758,0.8045146723319808,0.8038125760780283,0.8031178359610427,0.8024598765288811
sdg2_snmi,0.18848889996305243,0.18874599275537376,0.18904878660918692,0.18931044950765474,0.18957782503881135,0.18986348099456274,0.1901617047422267,0.19043936301221753,0.19072044886182135,0.1910038197644993,0.19126776771604223,0.191537428300273,0.19179909119874108,0.1920893172606434,0.192354407738724,0.19262521084949116,0.19289258638064696,0.19314625159335402,0.19342276733680794,0.19368443023527676,0.19395294829296936,0.1942214663506625,0.1944945545145043,0.19477449783757023,0.19502359294412855,0.19529096847528388,0.19557091179835007,0.19585199764795325,0.1961399386567802,0.19642102450638396,0.19667583224562837,0.19693863767063471,0.19719687298949146,0.1974608209410345,0.19772933899872738,0.1979738639991362,0.1982378119506796,0.19850175990222305,0.19877027795991561,0.19902851327877255,0.19931416923452486,0.19959754013720288,0.19987291335411975,0.2001722796283203,0.20044993789831164,0.2007310237479148,0.20101210959751808,0.20129205292058422,0.20155028823944113,0.20182337640328293,0.20211360246518498,0.20238897568210149,0.2026506385805705,0.20292486927094952,0.20320252754094073,0.20347904328439506,0.20374527628901298,0.20403207477130306,0.20431430314744387,0.2045942464705096,0.2048764748466503,0.2051427078512681,0.2054066558028118,0.20566717617474295,0.2059208413874504,0.2062053548166657,0.20647958550704498,0.20674239093205082,0.2070097664632063,0.20728742473319772,0.2075548002643534,0.20785188148547903,0.20811582943702217,0.2083774923354913,0.20866543334431836,0.20892709624278727,0.209196756827017,0.20948698288891915,0.20978063653043313,0.21005372469427522
sdg2_stunting,0.4276413552489089,0.4279970104210886,0.4283552798158482,0.42864296520093575,0.4289515643666655,0.42924447819691314,0.42959751914651084,0.4299113467574017,0.4302539308166777,0.4305311593114419,0.4308659007029783,0.4312032563170933,0.4315824394924964,0.4319041097711293,0.43221009471427935,0.43254483610581473,0.43288219171992975,0.4332247757792056,0.4335725882836435,0.4339177865654999,0.43425514217961625,0.43462648268727805,0.43496122407881316,0.43525675213164106,0.43560979308123965,0.4359262349147111,0.43628450430947074,0.4365382048010111,0.4368651035248055,0.4371789311356961,0.43749275874658766,0.4378405712510249,0.4381857695328818,0.43854403892764104,0.43892060788046405,0.4392396639365165,0.4395613342151493,0.43985163382281584,0.4401837609917712,0.4405394161639496,0.44084801532968004,0.4411252438244444,0.441439071435336,0.4418025692752559,0.44215822444743536,0.442477280503487,0.44278065122405674,0.4431153926155914,0.4434292202264834,0.44369337760834615,0.4439889056611745,0.4442739768236807,0.4446531599990836,0.44501665783900374,0.44534617078537836,0.4457567246317464,0.44608623757812077,0.4464209789696557,0.4467426492482884,0.4470800048624042,0.4473833755829735,0.44775994453579593,0.448079000591848,0.448442498431768,0.448795539381367,0.449138123440643,0.4495094639483054,0.4498311342269379,0.45014757606041,0.4504797032293643,0.4507856881725146,0.4510995157834056,0.45146562784590677,0.45179252656969987,0.45211158262575246,0.45245939513018985,0.4528045934120473,0.4531288779132599,0.45347669041769756,0.45380881758665215
sdg2_trophic,0.9535464565632158,0.9562523616226494,0.9580622512134844,0.9597451464859421,0.9614774284377707,0.963252041829059,0.9651748152584649,0.9668083238515554,0.9685194400836531,0.9701106172372782,0.9718287887092858,0.9734834630221013,0.9751522478147374,0.9767434249683631,0.978369878321539,0.9800403040561976,0.9817865659976962,0.9833901822003555,0.9849425522866689,0.9865277901476847,0.9880202268981888,0.9892772718019011,0.9904617988465463,0.9915735805280846,0.9927244027093296,0.9935971466442348,0.9944427436487141,0.9951514186062436,0.9956980414941664,0.996175968385848,0.9966797412885797,0.9971482563906949,0.9975358485401311,0.9978339519984831,0.9980401008248656,0.9982183442004585,0.9983875849409872,0.9985487574365494,0.9987393914008549,0.9988716059427138,0.9989726722668479,0.9990813247539586,0.9991572944384408,0.9992574447714131,0.999348965828341,0.999419585133328,0.9994641673869638,0.999526857946225,0.9995507200983761,0.9995875342044481,0.9995712003184802,0.9995843523217944,0.9995920960488193,0.9996418256450692,0.9996685331187279,0.9996997569639242,0.9996762343604073,0.9997158208605007,0.9996697766153185,0.9996862804426685,0.999683277557113,0.9996878303923938,0.9996859739895334,0.9997075431762947,0.9997271104393523,0.9997010794096036,0.9997111375350691,0.999716142344328,0.9997362100883115,0.9997502720611842,0.9997467686947029,0.999740310949614,0.9997502660395821,0.9997482641158784,0.9997197367031024,0.9997282448788426,0.9997242410314354,0.9997167338175471,0.9997232400695838,0.9997047222753257
sdg2_wasting,0.2934480307094986,0.29391537438530674,0.2943297813428403,0.2948139685199176,0.2952572500510539,0.2957438434425981,0.2962376554775425,0.29669778050995105,0.29715790554235544,0.29761562436029704,0.29807815560716805,0.29861287328804864,0.29908021696385695,0.29954515442519497,0.3000485913180072,0.3005255598516797,0.3009664351683547,0.30147949691903175,0.30200458974204675,0.3024574961310502,0.3029176211634587,0.30338737105373115,0.30389562037547546,0.30437499512361804,0.3048591823006912,0.30537705648030483,0.30584680637057704,0.30629490033065265,0.3067814937221933,0.30724883739800335,0.3077330245750764,0.3081787123206837,0.3086917740713602,0.30920483582203784,0.3096890229991144,0.3102044909642569,0.31070552164260273,0.3112233958222122,0.3116787084256881,0.312189363961897,0.31265430142324047,0.31312164509904533,0.31362267577739095,0.314130925099134,0.31460548741834143,0.3150319254482132,0.3155281436976209,0.3160267681615001,0.3165277988398414,0.3169831114433173,0.3175033918373934,0.3179683292987366,0.3184789848349455,0.31897279686989005,0.31950270212183524,0.3199556085108408,0.3204542329747189,0.32096488851092764,0.32145148190247264,0.32191882557827745,0.32235248225155144,0.32284870050095876,0.3233112317478353,0.3238074499972428,0.32430366824665424,0.32479988649606334,0.3253009171744065,0.3257875105659503,0.32632222824682794,0.32677513463583685,0.3272617280273764,0.3277627587057228,0.3282998826010667,0.32877444492027746,0.3292538196684173,0.3297307882020934,0.33025588102510506,0.3307593179179152,0.3312314740226579,0.33173250470099913
sdg3_fertility,0.921462556826786,0.9222285861423999,0.9226874346252054,0.9230310902957211,0.9234822592577133,0.9238796715739656,0.9242847634110386,0.9247052142897513,0.9251333446892823,0.925546116047175,0.9258283355511354,0.9261604719404245,0.926454210725617,0.9267901868753132,0.9270570473376324,0.9274122222893767,0.9277174803557962,0.928045776984672,0.9284009519364167,0.928790684731852,0.9290229873504809,0.9293820020626387,0.9296450227645511,0.9300155567579385,0.9302939365014887,0.9305377584013478,0.9309274911967819,0.931263467346479,0.9315687254128944,0.931920060604232,0.932267556035157,0.932542096018296,0.9328319950430771,0.9330911759845792,0.9334002738114093,0.9336364161904493,0.9339071164131801,0.9342008551983677,0.9345061132647856,0.934772973727105,0.9350897510747526,0.9353911693807614,0.9357002672075876,0.9359863264719588,0.9363376616632952,0.9366621185317654,0.9369328187544949,0.9372150382584538,0.9374358215958549,0.9378063555892399,0.9380348184474611,0.9383707945971571,0.9386645333823466,0.9389006757613876,0.9392443314319052,0.9395342304566862,0.9398241294814643,0.9401332273082943,0.9405229601037285,0.9408013398472767,0.9410989183928746,0.9413504198135554,0.941601921234236,0.941953256425571,0.9422738735336292,0.94254457375636,0.9427653570937631,0.9430437368373156,0.9432913984975836,0.9436081758452332,0.9438558375055028,0.9441649353323315,0.9444625138779286,0.9447408936214777,0.945107587854453,0.9453514097543145,0.9456950654248316,0.9459465668455135,0.9462710237139818,0.9465532432179418
sdg3_hiv,0.99385998471854,0.9953334705559018,0.9961400807175682,0.997114765236526,0.9977083439568935,0.9981369784890605,0.9984655244554538,0.9987758941921017,0.9988790654369663,0.9990309866658454,0.9991450643486557,0.9992026490124752,0.9992714697025281,0.9993221636642861,0.9993508554305212,0.9993292375543341,0.9993591604251294,0.9993887000110299,0.9994017537019305,0.9994104734469446,0.9993897898874826,0.9993907933418654,0.9993702459888396,0.9994352470521402,0.9994196446550607,0.9994502801735247,0.999475587451147,0.9994225095773547,0.9993982819823203,0.9994170796989069,0.9994119975020854,0.9993986215389594,0.9993592419005182,0.9993296525302527,0.9993600420046969,0.9993679789299471,0.9993845837469695,0.9993503208741792,0.9993911797300771,0.9993871945002575,0.9993120209183249,0.9993572310045238,0.9993431759281197,0.9993937731989504,0.9993539848662123,0.9993861758303395,0.9993903806603376,0.9993661266214615,0.9993723139102727,0.9993448655863283,0.999361470403351,0.9993983348700024,0.999386455408748,0.9993712952403542,0.999437714508443,0.9993935922298195,0.9994366267008684,0.999389701547059,0.999403339804179,0.9994073514778403,0.9993484950095337,0.9993857163172392,0.9993423941427947,0.9993254324847186,0.9992896903944702,0.9992987151272965,0.9992604751496723,0.9992976446041355,0.9992861046995201,0.9992951121479319,0.9993387738790157,0.9993257893257723,0.9993641157254666,0.9993630279178919,0.9993186006514573,0.9993323507400508,0.9993352573217225,0.9993471713518055,0.9993279822253365,0.9993500260802339
sdg3_matmort,0.9023167608205003,0.9027242351224896,0.9038230224091002,0.9051138410803264,0.906419062105399,0.9076138650843185,0.9088854806170912,0.9101042875190871,0.9113663014826217,0.9127099287846208,0.913976743532772,0.9152483590655381,0.9164623651829196,0.9178203948387684,0.9190632056638413,0.9202916141350685,0.9215776320216855,0.9228444467698353,0.9240392497487535,0.9251908456661353,0.9264432580604416,0.9277484790855146,0.9290488993259749,0.9302869093664357,0.9315201186222773,0.9328253396473513,0.934039345764736,0.935310961297502,0.9366065807533446,0.9377821805938068,0.9391258078958059,0.9403734195054942,0.9416642381767247,0.9428350372325663,0.9439914339345602,0.9453350612365603,0.9465202626462502,0.9477774758251707,0.948967478019473,0.950253495906089,0.951448298885008,0.9527439183408505,0.9540491393659283,0.9552247392063861,0.9564291437545355,0.957772771056536,0.9591788085585363,0.9604024162451483,0.96165962942407,0.9628592331876054,0.9641020440126784,0.9653112493454442,0.966654876647445,0.9678632551768649,0.9691488326924608,0.9703763064829738,0.9716713237517476,0.9729447096301115,0.9740650186491678,0.9753202214085832,0.9765286609576291,0.9777599747522774,0.9788816818464826,0.980051998973914,0.981038709750739,0.9820501119765085,0.9830989667796631,0.9840244788115704,0.984957787590657,0.98585924706115,0.9868087077402665,0.9876659874308651,0.9884961527209197,0.9892316477508791,0.9899857472519863,0.9906839758397846,0.9913023897170495,0.9918269375989923,0.9924112618315352,0.9929956523840527
sdg3_neonat,0.511661932816025,0.5108512836092818,0.5125451324345295,0.5143901147616976,0.5159868063356974,0.5177022456612189,0.5194500707371489,0.5212842578141815,0.523053673390388,0.5246935459649403,0.5265493235422506,0.5282863533680424,0.5298290686913555,0.531620074767836,0.5334758523451459,0.5351157249196979,0.536809573744941,0.5386761465723864,0.5402836333965262,0.5419558917214905,0.5437361025478371,0.5457753993774888,0.5474584529525927,0.5491846875282459,0.5509325126041782,0.5528206759319004,0.5546548630089342,0.5563163260837614,0.5582260799117612,0.5601898099904484,0.5622075163198247,0.5640309081467191,0.5657571427223762,0.5676668965503733,0.5693823358758913,0.5710869799512699,0.5728024192767874,0.574647401603959,0.5764923839311303,0.5782833900076125,0.5801067818345078,0.5818869926608525,0.5835808414860938,0.5853394618121626,0.5871736488891959,0.588737954712784,0.590172717534717,0.5917802043588558,0.593376895932857,0.5951139257586511,0.5965918695811353,0.5982749231562385,0.5999903624817567,0.6018029590585146,0.6035939651349976,0.60533099496079,0.607014048535892,0.6087186926112734,0.6102290221841707,0.6117609422573441,0.6132928623305189,0.6148679634042451,0.6165402217292106,0.6183528183059684,0.6198631478788659,0.6215462014539709,0.6231752787783852,0.6246316321005939,0.6262499141748701,0.6280409202513532,0.6296807928259063,0.6313638464010097,0.6330684904763887,0.6348163155523198,0.6363806213759075,0.6378477699482537,0.6396171855244605,0.6412462628488758,0.6428753401732906,0.6443748744960512
sdg3_tb,0.8651570883963418,0.8722385036831709,0.8809350831134724,0.8878516857326114,0.8944386630163407,0.9008608276323729,0.907876317852128,0.914133669800459,0.9204239842823292,0.9263015159508472,0.9329788488218629,0.9386519527822487,0.9443679726780134,0.9494066638887505,0.9546423251472416,0.9601711696612999,0.965323555155909,0.9699633371487041,0.9737934653524328,0.9775210175752066,0.9807519354355958,0.9830479916124996,0.985448604092074,0.9874050139628183,0.9895433910760513,0.9909508935666413,0.9923861408031586,0.9934137180587831,0.994464244080701,0.9950544570892356,0.9957630166512538,0.996374221083557,0.996839862966969,0.9972830618554123,0.9976398325536645,0.9978673599416217,0.9981537120389636,0.9983482062608208,0.9985442329535857,0.9986549836451947,0.9987414420180908,0.9989268888068743,0.9990353121412272,0.9992005424770284,0.9992164814337475,0.9992409825865097,0.9993058260971176,0.9993199561799486,0.9993522215787786,0.9994074587230929,0.9995102435381009,0.9995381940544449,0.9995321378669991,0.9995450149455286,0.9996015424803667,0.9997028987033624,0.9996820152983767,0.9997302227175565,0.99972437536416,0.9997185280107641,0.9997156043340668,0.9997466873611585,0.9997803772121148,0.9997855980633615,0.999812675857282,0.9998080815081843,0.9998147641977805,0.9998028606569386,0.9998043224952871,0.999811631687032,0.9998080815081851,0.9998078726741351,0.999819358546877,0.9998118405210827,0.9997980574737919,0.9997886599415484,0.9997936719587451,0.9997853185967513,0.9997934631246953,0.9997984751418912
sdg3_traffic,0.6648132326053487,0.6651152750368516,0.665531748794973,0.665880182304833,0.6662564504617112,0.6667255007753019,0.6671079544092923,0.6674965935203983,0.6678635834616076,0.6682182024485899,0.6686253979910417,0.6689367186382238,0.6692913376252028,0.6696923476905361,0.6701335633571106,0.6705283879453298,0.6708860996708662,0.6712036057951597,0.6715953376448225,0.6720272750957283,0.6724282851610646,0.6728633153505289,0.6732859745857648,0.6736746136968726,0.6740601600694229,0.6744890047817701,0.6748467165073039,0.6752229846641812,0.6755714181740453,0.6759631500237092,0.6763610673504875,0.6767713556314933,0.6772063858209562,0.6775702830236084,0.6779836640431728,0.6783599322000523,0.6787640350039453,0.6791341176837085,0.6795258495333701,0.6798804685203488,0.6802010673831995,0.6805433154159498,0.6809319545270576,0.6813051299453794,0.6816535634552456,0.6820762226904811,0.6824648618015885,0.6828751500825951,0.6832421400238022,0.6836369646120234,0.6839853981218877,0.6843369243703092,0.6846884506187295,0.6850399768671516,0.6854533578867146,0.6858791098605068,0.6861935232462464,0.686597626050138,0.6869615232527889,0.6873749042723526,0.6877542651677886,0.6880965132005398,0.6884696886188613,0.6889170897625498,0.6893150070893268,0.6896974607233196,0.6900458942331846,0.6904438115599626,0.6908448216252981,0.6912365534749626,0.6915942652004995,0.6919921825272778,0.6923158741286874,0.6926550294228812,0.6930220193640879,0.6934632350306636,0.6938735233116694,0.6942992752854601,0.6946724507037815,0.6950146987365329
sdg3_u5mort,0.7588484974227379,0.7590974068722128,0.7604764008136031,0.7619213850902933,0.7633581205750642,0.7648031048517503,0.7662480891284369,0.7678415516595374,0.7693360286876947,0.7706985250452617,0.7721682556976835,0.7735884935986334,0.7749839851238512,0.7764454669843623,0.7779564415963439,0.7794096746649407,0.7808464101497151,0.7824976142241992,0.7838023690383827,0.78498339197389,0.7864778690020462,0.7879228532787327,0.789384335139245,0.7907880754563722,0.7923072988602653,0.7937027903854798,0.7951065307026074,0.7964937734359099,0.7980047480478922,0.7996394545385513,0.8010184484799423,0.8024551839647177,0.8039414122009629,0.8052874109747064,0.8066251609565385,0.8080289012736669,0.8094078952150583,0.8109106210351287,0.8121906294735772,0.8136191161664393,0.815031105275478,0.8164760895521649,0.8179293226207635,0.8192340774349472,0.8206460665439851,0.8221900363236159,0.8235525326811831,0.8250140145416949,0.82636826210735,0.827747256048741,0.8290850060305734,0.8304310048043168,0.8318099987457092,0.8332467342304825,0.8346174793799617,0.8360954588242966,0.8373919648465693,0.8387792075798729,0.8402901821918543,0.8416609273413342,0.8430316724908133,0.8444436615998523,0.8457979091655078,0.8473336301532253,0.8486631313431454,0.8500503740764498,0.8514788607693109,0.8527753667915838,0.854096619189593,0.85528589091701,0.8567391239856096,0.8580521275917063,0.8595713509955994,0.8609668425208147,0.8623705828379408,0.8636423424844778,0.8650130876339578,0.8663838327834374,0.8676885875976216,0.8690675815390134
sdg3_vac,0.8638776335761846,0.8676673517875992,0.8707196865371573,0.8735197585234682,0.8766691174127438,0.8800513342373457,0.8830842641589627,0.8859037409732171,0.8887038129595185,0.8912128125266858,0.894187527964476,0.8964248599404401,0.8988950498517122,0.901598097698309,0.9040682876095807,0.9061891906178874,0.9089116432924197,0.9113042138919265,0.9138908327708585,0.9164774516497962,0.9191350501735847,0.921619584888258,0.9239698654496927,0.9262682500967655,0.9290301287772064,0.9315407079867332,0.934067083619926,0.9365972348878681,0.9391068900134226,0.9415466568085638,0.9439648753552465,0.9460065431675498,0.9476272888736358,0.9498710570441775,0.9518697688630473,0.9539724263776177,0.9557840898897921,0.9576615420336609,0.9596115926731303,0.9614546425937834,0.963044521115108,0.9646906245667142,0.9664882694238656,0.9677477671452548,0.9689865622854138,0.9704466199310484,0.9715992315922355,0.9727675612603317,0.9739841680415363,0.9753054464761493,0.9763244069706231,0.9772837560172724,0.978560399605376,0.9796814101066604,0.9806326883649477,0.9818498690261478,0.9825033074714137,0.9835317713698297,0.9842925467841196,0.9849053003834299,0.9856805248627426,0.986318281247816,0.9870231427274265,0.987534227419709,0.988162876653383,0.9884073092245786,0.9889512999653723,0.9894295383163312,0.9898346247905171,0.9903692419387413,0.9909243653311923,0.9914170340376179,0.9918158925453329,0.9920867403141864,0.992563265949758,0.9927873716934408,0.9931680242109375,0.9934245818326675,0.9935523789973588,0.9939088485514402
sdg4_primary,0.6699600000000029,0.6763906061204792,0.6822932543859002,0.6872856304873948,0.6923872392485687,0.6971611500307251,0.7020442934725557,0.707182313120279,0.7120472511188336,0.7168575727875478,0.7218863597756052,0.726751297774156,0.7312339214638641,0.7361716812355276,0.7411640573370288,0.7462292552116396,0.7511306040967486,0.7563414455175868,0.761297410732529,0.7661987596176361,0.7708634377401291,0.775710170295401,0.7805751082939508,0.7854946626223396,0.7905598604969503,0.7953883876089453,0.7999984494016023,0.8049180037299876,0.8098375580583721,0.8143747980779166,0.8188938326541795,0.8239590305287918,0.8285508868781704,0.8332337704439379,0.8378984485664273,0.8426723593485878,0.847136777595017,0.8523112081292991,0.8569212699219554,0.861585948044445,0.866378064269883,0.870860687959591,0.8753979279791336,0.8799169625553962,0.8840718882660971,0.8886494914874179,0.8932239352637338,0.897924225866699,0.9025485352515434,0.9069179749304933,0.9110483772720361,0.9151756331685721,0.9194073765393372,0.9237966565095943,0.9281044367060741,0.9318834902489934,0.9359420370104247,0.9398137841536327,0.9433341389264885,0.947355691361524,0.9508151414862615,0.9541551999254184,0.9573598840953139,0.9605215919865351,0.9634595680407293,0.9662970144717845,0.9685054455923852,0.9710321028569767,0.9735815995350983,0.9755810602789736,0.9774214783622449,0.9793560886427782,0.9809203267753299,0.9824432615130976,0.9838514190355372,0.9853526935907503,0.9866891724634586,0.9878790981686673,0.9888536253202179,0.9898353679830528
sdg4_second,0.3508169014084502,0.35301536812320533,0.3552138348379593,0.35721640486525236,0.3593589010978752,0.36145475526205506,0.36364389356312005,0.3657397477272997,0.3676863472724622,0.3697355593681987,0.3717288009818033,0.37381532673229423,0.3759111808964741,0.37792307933745534,0.3799256493647495,0.3820028467015513,0.38410802927941934,0.38609194247933526,0.3882157818845809,0.39023700873925216,0.392164951457036,0.3941302078295743,0.3960021800652274,0.3979860932651441,0.39990470756923946,0.4020285469744852,0.4040217885880895,0.4060616722701369,0.40808289912480783,0.41009479756578887,0.4121346812478371,0.4137827715549637,0.41569205744537013,0.4175173876125805,0.419398688261922,0.42126133208388555,0.4232359168701137,0.42519184482896394,0.4270358318235505,0.4291410144014189,0.43119955491084366,0.43294092935485623,0.4348408868315752,0.4367128590672283,0.4388366984724732,0.4406247149849288,0.442384746256318,0.44422873325090484,0.44625928851926444,0.44811260392754004,0.4500965171274559,0.45194983253573223,0.4538684468398278,0.4556191496975286,0.4574631366921162,0.4594097362372782,0.46129103688661915,0.4632096511907151,0.4651002802537455,0.4670468797989074,0.46896549410300276,0.4709587357166075,0.4729333205028356,0.47480529273848854,0.4766306229056975,0.478493266727662,0.48031859689487216,0.48232116692216526,0.484370379017902,0.48638227745888396,0.48834753383142215,0.49020084923969853,0.4920355078205967,0.4939261368836258,0.4957328102234588,0.4976887381823097,0.4995513820042736,0.5015819372726333,0.503547193645172,0.5056617046367285
sdg5_lfpr,0.7013503165124821,0.7024411808900877,0.7034481621676099,0.7046124242578028,0.7056718324728868,0.70675745415674,0.7079007454719186,0.7090597648683514,0.7101978134897746,0.7112362509298238,0.7122746883698869,0.7133865235225172,0.7144249609625795,0.7154738837901405,0.7165490200864927,0.7175769721390325,0.7185944388040698,0.7196695751004129,0.7207080125404713,0.7217674207555492,0.7228687705206764,0.7238914798794653,0.7249875869508355,0.7260050536158694,0.7270697045247035,0.7281343554335384,0.7292252198111525,0.7302217157011626,0.7313073373850203,0.732371988293856,0.7334156684276668,0.7344750766427478,0.7354768152265113,0.736431369566477,0.7374593216190205,0.738508244446589,0.7394837695615747,0.7405012362266081,0.7415082175041295,0.7425518976379416,0.7435169373654165,0.7445868309680075,0.7456200257143069,0.7467423462544565,0.7478069971632909,0.7487825222782777,0.7497947462495554,0.7508960960146807,0.7520498727173641,0.7530463686073747,0.7541267475974769,0.7550970300187084,0.7561774090088103,0.7571896329800876,0.7583171962139932,0.7593032067164903,0.7603049453002573,0.7613381400465564,0.7624237617304155,0.7634569564767151,0.7644586950604805,0.7654447055629786,0.7664097452904534,0.7674219692617306,0.7683083685828686,0.7692838936978562,0.770259418812842,0.7712034877652949,0.7722471678991055,0.7732541491766286,0.774261130454149,0.775336266750497,0.7764218884343538,0.7774655685681662,0.7783939094393505,0.779437589573162,0.7804655416257075,0.7814725229032273,0.7824375626307036,0.7835389123958284
sdg5_parl,0.40236923076923176,0.4050889609881913,0.40989659196391454,0.413272519563576,0.41754326177326984,0.42121746090961054,0.42495131435328787,0.42826758764560574,0.43188213247461077,0.4357352945329615,0.4392901850546213,0.4426661126542831,0.44669823763464117,0.45013381954162934,0.45458352467333857,0.45873495826836824,0.46228984879002816,0.4651885419310029,0.46808723507197714,0.4712841997496215,0.4749583988859638,0.4786922523296415,0.4822471428513012,0.4863985764463316,0.4904307014266892,0.494462826407036,0.4981370255433792,0.501572607450377,0.5059626582747395,0.5094578944890751,0.5131320936254161,0.5160904410737163,0.5201225660540751,0.5235581479610725,0.5267551126387169,0.5295344971650202,0.532970079072017,0.5363460066716698,0.539483317041989,0.5422030472609539,0.5447438145579039,0.5497900627629737,0.5527484102112816,0.5564822636549517,0.5595599197179344,0.5622199956295627,0.5652379973852013,0.5704035542049424,0.5738987904192734,0.5767974835602417,0.5796365223938794,0.5828334870715309,0.5865076862078665,0.5903608482662155,0.5938560844805464,0.5978882094608985,0.6015027542899032,0.6054155706555855,0.6077177207231951,0.6113919198595353,0.6142906130005074,0.6177858492148357,0.6214600483511762,0.6252535561021868,0.6281522492431566,0.6310300377100477,0.6342866566950338,0.6377222386020279,0.6412771291236965,0.6444144394940109,0.6486925838997731,0.6521878201141059,0.6550865132550762,0.6580357995430053,0.6608151840693054,0.6639524944396203,0.666373953121903,0.6701046671620539,0.6728258778202297,0.6767398175749265
sdg6_sanita,0.6703442674265935,0.6686524645988332,0.6698699869121968,0.6713130383062705,0.6726771545220945,0.6742104175484454,0.6756421924884811,0.6773671552334355,0.6791033944324244,0.6807043161829889,0.6822488556633776,0.6838385009599075,0.6854845285266127,0.6871643854554251,0.6888329659302018,0.6904564405888374,0.6920122565232599,0.693601901819789,0.6952366529324604,0.696927786315308,0.6983821141634136,0.6999943123680139,0.7016741692968267,0.703365302679675,0.7049775008842754,0.7066686342671239,0.7082808324717222,0.709847924860182,0.7116292698753135,0.7132414680799128,0.715045366003115,0.7165899054835035,0.7180780626937139,0.7196338786281377,0.7212573532867729,0.7228018927671612,0.7244704732419389,0.7261277772626806,0.7276610402890333,0.7290815387750321,0.7307388427957738,0.7324074232705512,0.7338053688484789,0.7355303315934331,0.7372552943383865,0.7390930216236941,0.7407728785525068,0.7423963532111418,0.7439296162374943,0.7455530908961301,0.7469510364740594,0.7484842995004117,0.7500739447969407,0.7516410371854007,0.753253235390001,0.7545835222437167,0.7559927442756803,0.7576387718423869,0.7594088404034827,0.7610210386080832,0.7626219603586479,0.7642567114713186,0.7658350803138124,0.7672217494377049,0.7686760772858111,0.7701416815879517,0.7717313268844805,0.7732871428189044,0.774854235207363,0.7762860101473975,0.777605020547079,0.7791157306653603,0.7803783587948643,0.7819116218212173,0.7834448848475694,0.7850345301441003,0.786601622532559,0.788078503288734,0.7896681485852639,0.7913705584221465
sdg6_scarcew,0.9953148630290789,0.9953031010133293,0.9952908299923373,0.9952778237414884,0.9952638560362661,0.9952500014433143,0.9952368820801955,0.9952235930486513,0.995209964680264,0.9951976936592635,0.995184461183859,0.9951712287084605,0.9951577134523506,0.9951443678646731,0.9951318140629646,0.9951190340366901,0.995105858117433,0.9950922863051844,0.9950793366104908,0.9950661041350887,0.9950528151035489,0.9950391867351628,0.9950266329334515,0.995013852907179,0.9950003942072129,0.994987218287957,0.994973137470442,0.9949601877757459,0.9949472946371903,0.9949342318302119,0.994921791140787,0.9949092373390752,0.9948957786391123,0.9948832813935423,0.9948708972602585,0.994857664784857,0.9948451675392881,0.9948314260586184,0.9948179108025137,0.9948050176639611,0.9947914458517128,0.9947787789377236,0.9947661685798712,0.9947523705430635,0.9947385159501116,0.9947250006940078,0.9947122206677353,0.9946989881923342,0.99468620816606,0.9946734846959282,0.9946605350012334,0.9946474721942574,0.9946340700504331,0.9946201589013407,0.9946074354312086,0.9945939201751051,0.9945803483628588,0.9945670027751765,0.9945536571874934,0.9945405943805149,0.9945274184612565,0.9945149212156876,0.9945017452964292,0.9944891914947189,0.994476750805292,0.9944631789930457,0.9944501727422095,0.9944369968229506,0.9944230291177171,0.9944096835300344,0.9943969035037616,0.9943842365897717,0.9943714565634988,0.9943583937565214,0.994345726842529,0.9943326074794108,0.9943197708969969,0.9943068212023028,0.9942946632935793,0.9942825053848567
sdg6_water,0.7560304299922788,0.7560324246757039,0.7560342210113581,0.7560360966861214,0.7560386864128402,0.7560406414267155,0.7560431518143252,0.7560450671586474,0.7560471015116216,0.7560486201604091,0.7560517652608724,0.7560533632487649,0.7560554372712933,0.7560575509633777,0.7560598233336714,0.7560624923995006,0.7560648837784565,0.7560666007750074,0.7560685557888784,0.7560712645242578,0.7560735368945525,0.7560751348824437,0.7560767725398903,0.7560790449101851,0.7560808412458446,0.7560823598946292,0.7560840768911825,0.7560860715746047,0.7560885819622194,0.7560908146629619,0.7560931267028119,0.756094724690702,0.7560972747478714,0.7560994677790585,0.7561017798189088,0.75610436954563,0.7561070386114563,0.7561097473468357,0.7561125354213235,0.7561142127483211,0.7561168024750414,0.756119273193104,0.7561216645720581,0.7561240559510143,0.7561263679908623,0.7561289180480287,0.756131190418326,0.7561333834495144,0.7561361715240017,0.7561387215811698,0.7561423427162706,0.7561451307907578,0.7561472841523948,0.7561491201576047,0.7561513528583478,0.7561535062199829,0.7561550248687692,0.7561578129432561,0.7561609977132744,0.7561633097531234,0.7561655821234188,0.756168528876118,0.7561710789332856,0.7561739463468784,0.7561762583867256,0.7561796415045108,0.756182191561678,0.7561845036015267,0.7561862205980789,0.7561894847072023,0.7561919950948165,0.7561953385430483,0.7561984836435117,0.7562012717179987,0.7562039407838272,0.7562061338150154,0.7562089615590548,0.7562121066595199,0.7562151327513249,0.7562181588431305
sdg7_cleanfuel,0.13385592804110044,0.13421797655392378,0.13471295951449627,0.13514590639945245,0.13568520084260804,0.13619347724795544,0.1366751667637529,0.13716128742780867,0.13761195890579808,0.1381202353111454,0.1385531821961015,0.13893295530195776,0.13945009400382158,0.13996723270568578,0.14047550911103307,0.1409394740337973,0.14151421766301917,0.14194273339971686,0.1424554409533225,0.14304790917557775,0.1435606167291834,0.14396254557633126,0.14447082198167843,0.1449303557561843,0.1454873747923732,0.14597349545642896,0.14643302923093487,0.14701220400841508,0.14757365419286197,0.14809965519124263,0.14859463815181487,0.14916051948452025,0.1496289155555428,0.1501194673678569,0.15058786343887945,0.15113602017855157,0.15172848840080666,0.1522766451404788,0.15280264613885933,0.1533242159889816,0.15395656454556159,0.15446927209916717,0.154955392763223,0.15553013639244495,0.15616248494902477,0.15664417446482223,0.15717017546320278,0.15770946990635834,0.1581690036808644,0.15862853745537034,0.15919441878807555,0.1597026951934229,0.1602597142296117,0.16079457752450887,0.16133387196766444,0.1617623877043621,0.16220419688583487,0.1627301978842153,0.16318086936220477,0.16366255887800227,0.16406891887340852,0.1645771952787557,0.16515193890797766,0.165629197275517,0.16610645564305615,0.1665172467867207,0.1669900740060014,0.16750278155960702,0.16796674648237128,0.16851933437030175,0.16906749110997396,0.16957133636706295,0.17011063081021832,0.17063663180859895,0.17112275247265488,0.1716265977297439,0.17209942494902472,0.1725146472409476,0.17301849249803666,0.17348688856905933
sdg7_elecac,0.5872754047062472,0.5874629391568981,0.587648776608938,0.5878193410734943,0.5879491775714237,0.5881010750512755,0.5882869125033171,0.5884218399970755,0.5885703434797075,0.5887205439609519,0.5888928054241156,0.5890531878970177,0.5892373283504476,0.5893994078219578,0.5895869422726084,0.5897082937774906,0.5899009192239698,0.5900409377135553,0.5901877441975792,0.5903141866982907,0.5904643871795324,0.590657012626012,0.5908445470766618,0.5910218995356564,0.5912128279835259,0.5913783014522532,0.5915217139390591,0.5916396714467218,0.591786477930746,0.5919485574022542,0.5921191218668106,0.5923270203007743,0.592467038790361,0.5926308152604794,0.5927911977333782,0.5929227312299177,0.5930780227069891,0.5932536781673735,0.59342424263193,0.5935965040950953,0.5937959175360117,0.5939800579894446,0.5941726834359226,0.5943449448990881,0.5944934483817215,0.5946266788768703,0.5948074253330828,0.5949779897976392,0.5951400692691474,0.595302148740657,0.595501562181573,0.5956364896753306,0.5958155391329341,0.5959793156030531,0.5961396980759528,0.5963034745460695,0.5964689480147987,0.5966412094779631,0.5968134709411295,0.5969806414084659,0.5971376298841475,0.5973031033528745,0.5974753648160411,0.5976425352833785,0.5977859477701829,0.5979378452500351,0.5980744697424023,0.598234852215302,0.5984105076756865,0.5986268911026976,0.5987923645714266,0.5989629290359819,0.5991233115088815,0.599276905987343,0.5994610464407749,0.5996197319150656,0.5997801143879647,0.5999354058650359,0.600134819305952,0.6003121717649463
sdg8_gdpgrowth,0.5124999999999953,0.5096637169777605,0.5069441318924832,0.5040911777363949,0.5013215792495594,0.4982185580856654,0.4952489059925976,0.49224591163181597,0.4892595884049003,0.48643997651650384,0.48353700895885543,0.48066738366890077,0.47779775837895,0.4749781464905648,0.472275232539143,0.46927223817837405,0.4662859149514446,0.46341628966150145,0.46039662416686844,0.45732694527067713,0.45457401791770546,0.45168772149389763,0.44866805599927406,0.4457817595754655,0.44291213428552123,0.43990913992474284,0.43693948783167,0.43400317800631283,0.43098351251167777,0.42801386041861444,0.42494418152242014,0.4219078448939392,0.41888817939931067,0.4158518427708247,0.4130989154178532,0.41004590765551246,0.40702624216088784,0.4041066034693747,0.40107026684089325,0.39841736629103813,0.3955644121349386,0.3924280487033403,0.3894583966102661,0.38628869091096135,0.3834023944871558,0.3805327691972058,0.37747976143487255,0.3746101361449192,0.37185720879194684,0.3688708855650204,0.3659512468735138,0.36294825251273666,0.35997860041966684,0.3569756060588928,0.35392259829655276,0.351036301872754,0.34823336111821457,0.3453637358282673,0.3424107548690507,0.33934107597286,0.3363714238797932,0.333635167660667,0.33071552896916007,0.3281459840885688,0.3252930299324735,0.3223733912409646,0.3196538061556937,0.3167675097318924,0.3138478710403805,0.31099491688428654,0.30785855345268265,0.30510562609970704,0.3022693430774649,0.29946640232292676,0.296530092497566,0.29362712493990795,0.29075749964995923,0.28788787436000995,0.2848181954638208,0.282031925843138
sdg8_impacc,0.9919738206326508,0.9919757010601687,0.9919777075336544,0.9919797560224515,0.9919817835035722,0.9919834748621996,0.9919856283892856,0.9919875928474541,0.9919900404817084,0.9919918788939361,0.9919941584669626,0.9919963750170099,0.9919989066818922,0.992001186254913,0.9920030036594889,0.9920048630793656,0.9920068065298645,0.9920091911411711,0.9920111555993436,0.9920128679656204,0.9920150214926897,0.9920172170350864,0.992019454592794,0.9920212089743798,0.9920236356009926,0.9920259571893306,0.9920279426551537,0.9920302432358152,0.9920324807935202,0.9920346763359172,0.9920365357557953,0.9920385842445784,0.9920408007946293,0.9920432904442203,0.992045002810499,0.9920472613758515,0.9920495409488739,0.9920515474223572,0.9920537849800521,0.992056022537752,0.9920582811031178,0.9920606236991059,0.9920631133486818,0.9920654769523254,0.9920676935023777,0.9920698470294514,0.9920716434263558,0.992074154083599,0.9920764336566207,0.9920793434593367,0.9920820221778249,0.9920845328350696,0.992086623339179,0.9920889659351605,0.9920908253550378,0.9920936301194782,0.9920954895393603,0.9920979161659687,0.9921003848078945,0.9921028534498262,0.9921051330228416,0.9921079798025848,0.9921104484445136,0.9921126229792507,0.9921153437130558,0.9921177283243513,0.9921203860351925,0.9921226866158688,0.9921249661888811,0.992127644907372,0.9921299664957064,0.9921322040534096,0.992134273549855,0.9921369942836609,0.9921393788949654,0.9921419105598616,0.9921447783472622,0.9921470999355929,0.9921496736158079,0.9921522683036729
sdg8_unemp,0.7107500000000023,0.7107995323590098,0.7108215544467579,0.7108518691043189,0.7108823153899673,0.710913419816081,0.7109432079612698,0.7109772082054101,0.7110097605405304,0.7110432342722997,0.7110785507973557,0.7111120245291271,0.7111478675665518,0.7111833157197044,0.7112194220133113,0.7112525008608045,0.711286895989218,0.7113191850681592,0.7113543699651247,0.7113857376474182,0.7114188164949123,0.7114517637143106,0.7114869486112787,0.711521212111598,0.7115538960748164,0.7115876330627667,0.7116193956293387,0.7116514214520936,0.7116856849524172,0.7117188954279983,0.7117522375316766,0.7117887387095618,0.7118222124413324,0.7118575289663881,0.7118910026981581,0.7119244764299271,0.7119580817897875,0.7119928718024768,0.7120275301870732,0.7120608722907523,0.7120957939315313,0.7121304523161308,0.7121661637254643,0.7122002955976939,0.7122345590980133,0.7122672430612299,0.7123003219087212,0.7123340588966753,0.7123677958846267,0.7124002165916605,0.7124350066043489,0.7124684803361181,0.7125012959274252,0.7125349012872866,0.7125681117628716,0.7126035599160208,0.7126380866725263,0.7126727450571239,0.7127066136731695,0.7127398241487523,0.7127743509052591,0.712808351149395,0.7128441941868212,0.7128776679185908,0.7129096937413466,0.7129400083989023,0.7129725607340284,0.7130065609781642,0.7130392449413813,0.7130725870450579,0.7131056658925496,0.7131400610209626,0.7131726133560871,0.7132050340631194,0.7132390343072553,0.7132714550142881,0.7133044022336871,0.7133374810811809,0.7133697701601208,0.713399163421034
sdg9_articles,0.0016678274078998092,0.0016744195229831873,0.0016765638417117119,0.0016793670932335506,0.001681840878358724,0.0016849735962772053,0.0016867884486090653,0.0016887680341392645,0.0016919831186569196,0.0016937979709887737,0.0016975896217005793,0.0016994868406316125,0.0017008898599676528,0.001702457612502013,0.0017053432306230098,0.0017069109831573863,0.0017105379006708608,0.0017121880198043898,0.0017152383711237136,0.0017182887224430413,0.0017205977743698937,0.0017215065941109439,0.001724145112434443,0.001728595695939564,0.0017322226134530475,0.001735767164367357,0.0017384880492900218,0.0017417031338076785,0.0017445887519286817,0.0017473096368513512,0.001749783421976521,0.001753163239692502,0.0017552251918218633,0.0017584402763395192,0.0017611611612621837,0.0017637996795856821,0.001765614531917549,0.0017675941174477427,0.0017704797355687367,0.0017725416876980878,0.0017749331062240981,0.001777159791551789,0.0017804572426686064,0.001783589960587091,0.0017863932121089247,0.0017893611968290916,0.0017937294137350475,0.0017981799972401622,0.001801559814956146,0.0018046101662754777,0.0018082370837889565,0.0018116169015049341,0.0018142554198284358,0.001817635237544424,0.0018203561224670955,0.0018229946407905978,0.0018270333912998918,0.0018300837426192252,0.0018332988271368806,0.0018359373454603816,0.0018386582303830475,0.0018408025491115662,0.0018433587008359132,0.0018478092843410296,0.0018520127680486523,0.001855474952363803,0.0018581134706873103,0.001861081455407472,0.0018646260063217817,0.0018677587242402688,0.0018710561753570926,0.001873777060279764,0.0018780629105865534,0.0018810308953067134,0.0018847401794193572,0.0018880376305361786,0.0018909232486571746,0.0018936441335798391,0.0018980947170849586,0.0019018040011976047
sdg9_intuse,0.6613495150423666,0.683508271258538,0.6973117736650442,0.7092839875653357,0.7218857068896415,0.7352886149354121,0.7465168678800527,0.7556849212551827,0.7651391134594036,0.7740210280054366,0.7845625477602403,0.7933300067746274,0.8008956827068096,0.8093197751262867,0.8182016896723147,0.826396871028509,0.8345469963140387,0.8426290723832857,0.8510419038352213,0.8590608921498859,0.8672173096488628,0.876197889521996,0.8839414946868537,0.8909212589716002,0.8990171186772041,0.9054002229276207,0.9120202739382981,0.9185100012411107,0.9250488158557523,0.9299586023866119,0.9354064782336833,0.9398591706368996,0.944555318820248,0.94851153728909,0.9522412114200983,0.9555136076986396,0.9595043955477786,0.9626901739444315,0.9654701870046545,0.9684536659930263,0.9705138777630589,0.9728960822160098,0.9755227004510785,0.9780662452539599,0.9796395795414462,0.9811584913095006,0.9827713369460468,0.9842014478316051,0.9852954608344733,0.9861073662493987,0.9874678476709213,0.9882271788069522,0.9891182033884619,0.9896031083805411,0.9902166798571715,0.9910748088587644,0.9914494527961276,0.9920158704655563,0.9925699337111408,0.9928959576352141,0.9932557376765794,0.9937198325236694,0.9941577552328473,0.9944962578306895,0.9948300289699185,0.9951008448930125,0.995537082597424,0.9956615073306749,0.9959839395306771,0.9961798029826576,0.9965748136359331,0.9967976429959046,0.9970407650120945,0.9970899108026862,0.9973785868853972,0.9975303512725543,0.9976697807287944,0.997913544483681,0.9977420634078391,0.9977780220186672
sdg9_mobuse,0.10079632403096637,0.10120067116647054,0.10193050377842106,0.10257736950421825,0.10326252763900984,0.10396683197829844,0.10467751838575169,0.10549669995202084,0.10614994774598427,0.10687339828976983,0.10766066951521056,0.10855005383130177,0.10935008919307442,0.11006715766869385,0.11073955166715412,0.11156511530158893,0.11218645275472398,0.112973723980165,0.11370993866028199,0.11461208711270432,0.11540574040631105,0.116129190950096,0.1169036980392065,0.11757609203766649,0.11835698119494201,0.11924636551103318,0.11996981605481874,0.12069964866676926,0.12146139161954793,0.12227419111765157,0.12296573132060891,0.12376576668238141,0.12452750963516009,0.12534030913326377,0.12607652381338044,0.12692123365231242,0.12760639178710353,0.12832346026272284,0.12907243907917074,0.12977036135029327,0.13064059946188752,0.1314342527554944,0.13220875984460484,0.1331109082970273,0.13390456159063413,0.13463439420258477,0.13529402406471377,0.13599832840400197,0.13677921756127745,0.137560106718553,0.13832184967133218,0.13916655951026385,0.13996021280387086,0.14074748402931214,0.1415539014592506,0.1423284085483606,0.14313482597829874,0.1439667716808993,0.14466469395202233,0.14547749345012584,0.14629667501639523,0.14696268694668974,0.1477371940358,0.14846064457958508,0.14926067994135744,0.15001604082597064,0.1507458734379215,0.1515203805270315,0.15228850554797588,0.15310130504607983,0.153856665930693,0.1547332861104534,0.15550779319956318,0.1563205926976668,0.15703766117328646,0.15783131446689339,0.15862496776050025,0.15932289003162275,0.16004634057540834,0.16086552214167732
sdg11_pipedwat,0.9929005350074922,0.9936922608863025,0.9943163647214949,0.9949365703696311,0.9956659252554887,0.9963212145871759,0.9967970052924889,0.997178460997203,0.9976073862698837,0.9978787962613288,0.998062139175015,0.9982644532245069,0.9984655789554396,0.9985958539470327,0.9987122766739834,0.9988639125680783,0.9988583492326354,0.9989133482282426,0.9989910750972424,0.9990449243037018,0.9990814382991694,0.9991336623050433,0.9992393745382467,0.9992386641771336,0.9992444613560092,0.9992814539332107,0.9993423554322669,0.9993932810709151,0.9993636993892386,0.9993795873144868,0.999357316268304,0.9993765362139283,0.9993600452878922,0.9993928294497493,0.9994162062940793,0.9994324606883429,0.9994451267267824,0.9994776791092608,0.9994785725346592,0.9995138099457269,0.9994706077787852,0.9994341057209085,0.9994709005795923,0.9994458636797175,0.9994441624064195,0.9994728411579074,0.9994832322307243,0.9994405815762356,0.9994406572518962,0.9994639271046498,0.9994585594236692,0.9994601458110037,0.9994446410164554,0.9994537286009074,0.9994527571236513,0.9994727460756191,0.9994556592773861,0.999430148916918,0.9994445919043156,0.999448797546416,0.9994281691282995,0.9994463442972049,0.9994680733640265,0.9994359409463516,0.9994746030838871,0.999487127672842,0.9994842766386989,0.9994189298237797,0.9994723915158917,0.9994626276311874,0.9994541795128826,0.9994484920988282,0.9994697599830908,0.9994556121726971,0.9994725575214463,0.9994436347125452,0.9993872463106288,0.9994142016089469,0.9994062269512353,0.9994151485301331
sdg11_pm25,0.5602328700833823,0.5600173662322979,0.5594371833664887,0.5587621246594537,0.558152293093268,0.5575157776967317,0.556796245939124,0.5561004331418221,0.5554283393048276,0.5547265967674486,0.5540159596199545,0.5533497955230364,0.5526925260362329,0.5520411862895067,0.5512860760914386,0.5505991579042506,0.5499003802369103,0.5492104971796858,0.5485828763932654,0.5478959582060794,0.5471971805387396,0.5465013677414372,0.5458500279947095,0.5450978826666801,0.5443664914289172,0.5436884678518454,0.5429896901845064,0.5422642286868204,0.5415476617992491,0.5407777272509892,0.5401056334139936,0.5394276098369218,0.5387377267796966,0.5380508085925104,0.5373401714450156,0.5366324991675604,0.5359811594208348,0.5352823817534939,0.534545060775655,0.5338581425884684,0.5332097677117807,0.5324843062140949,0.531755879846371,0.5310600670490687,0.5303019919809613,0.5295557763930077,0.5288688582058204,0.5281048533976361,0.5273971811201805,0.5267250872831866,0.5260233447458074,0.5252741642878137,0.5245605622702827,0.5238855035632491,0.5231837610258703,0.5224820184884923,0.5217832408211521,0.5211081821141181,0.5203708611362801,0.5196335401584408,0.5189051137907165,0.5182122658634539,0.5175342422863818,0.5167850618283882,0.5161011085112408,0.5154023308439009,0.5146976234364834,0.514004775509219,0.51330599784188,0.5126427986149992,0.5118906532869684,0.5111681566593219,0.5103952572410219,0.5097290931441038,0.5090332803468024,0.508287064758848,0.5075764276113541,0.5069013689043216,0.5061521884463287,0.505400043118298
sdg13_co2gcp,0.9926521443314337,0.9926725131278371,0.9926850002219073,0.992694572165816,0.9927026325503816,0.9927119885572397,0.992721992375244,0.9927278933893053,0.9927372493961628,0.9927460655603996,0.9927543418820106,0.9927622942980451,0.992770138745553,0.9927805744376591,0.9927884188851707,0.9927941039621858,0.9928025962208468,0.9928120601962269,0.9928202285493116,0.9928286128394475,0.9928355935387579,0.9928423583010237,0.9928492310318089,0.9928565356366964,0.9928642721156803,0.9928721165631927,0.9928813646015278,0.9928897488916595,0.9928969455280222,0.992903602321759,0.9929123105174698,0.9929200469964555,0.9929274595698672,0.9929357358914754,0.9929437962760354,0.9929518566605972,0.9929595931395827,0.9929684093038158,0.9929757139087025,0.9929833424191618,0.9929926984260219,0.9930001109994334,0.9930075235728446,0.9930141803665813,0.9930219168455684,0.99302889754488,0.9930359862127166,0.9930460979992488,0.9930555619746317,0.9930639462647657,0.9930731943030987,0.9930814706247082,0.9930910425686162,0.9930991029531768,0.9931080270859345,0.9931151157537731,0.9931205848937364,0.9931289691838722,0.9931362737887586,0.9931454138585672,0.9931574690785437,0.9931661772742535,0.9931736978161902,0.9931816502322265,0.9931923018613803,0.9932011180256145,0.9932086385675506,0.99321734676326,0.9932241115255227,0.9932308762877858,0.9932416358854653,0.9932474289310064,0.9932546255673668,0.9932631178260269,0.9932705303994379,0.993278806721047,0.993287838822332,0.9932962231124655,0.9933035277173523,0.9933115881019122
sdg13_co2import,0.9981692839497784,0.9981596988253951,0.9981497939218158,0.998139523556295,0.9981301211628731,0.9981199878455846,0.9981097631628182,0.998100178038433,0.9980903188175886,0.9980811905206156,0.9980714683479995,0.9980615177616788,0.9980516128580964,0.9980423931956415,0.9980320314646516,0.9980221722438071,0.9980119932437799,0.9980020883401961,0.9979927316295153,0.9979836490152812,0.9979733786497694,0.9979634737461901,0.9979542540837314,0.9979447146420862,0.9979355863451076,0.9979261839516859,0.997917238385675,0.9979074248475787,0.9978987076952783,0.9978890312054042,0.9978793090327934,0.9978694498119501,0.9978602758322356,0.9978512845834816,0.9978419278728005,0.9978323427484144,0.9978228489895041,0.9978134922788251,0.9978034960097596,0.9977931342787655,0.9977830923269587,0.9977737812990184,0.9977638763954401,0.9977546567329811,0.9977460766289068,0.9977368112837045,0.9977278200349556,0.9977184633242716,0.9977092893445558,0.9976996585374222,0.99769030182674,0.9976817674054069,0.9976719538673069,0.9976628712530752,0.997653651590617,0.9976442035144513,0.997634983851994,0.9976253530448623,0.9976153567758012,0.9976061827960822,0.9975964606234694,0.9975865557198886,0.9975776558366208,0.9975672941056257,0.9975584855878414,0.9975488547807098,0.9975394067045439,0.9975295018009652,0.9975196882628652,0.9975103315521854,0.9975015230344011,0.9974925317856494,0.9974829466612603,0.9974747320191144,0.997465877818589,0.9974567952043539,0.9974469359835165,0.9974378533692834,0.9974282682448926,0.9974189115342122
sdg14_cleanwat,0.5170999999999996,0.5148439818181392,0.5118482620652411,0.508675013935297,0.5054524523672846,0.5023383803630169,0.4990566426693195,0.495932707977443,0.49268055834658503,0.48955662365470715,0.48628474864862226,0.48308191245583526,0.47990866432589013,0.47653816244366376,0.4733057381880344,0.47014235274570304,0.4668014389263198,0.4634802504821656,0.46043521729119935,0.45730141991170936,0.45392105534187194,0.45059986689771625,0.4472096396402651,0.44403639151031965,0.4408039672546888,0.4376405818123562,0.43434898143104406,0.4310869691125733,0.4277361926055773,0.4244544549118778,0.42120230528102065,0.4179402929625506,0.4145599283927122,0.41119928919810206,0.40793727687963144,0.4045865003726362,0.4014329776179168,0.3981808279870598,0.39484977685529166,0.3914990003482966,0.388167949216528,0.38474813389623513,0.38146639620253625,0.3780761689450854,0.37493250887797985,0.3717000846223502,0.3684084842410376,0.36497880623313067,0.36176610735272896,0.3586914860989209,0.3553505722795395,0.3522167749000487,0.34895476258157665,0.34553494726128414,0.3423321110684965,0.3388629823101337,0.33564042074211814,0.33243758454933,0.3292248856689286,0.32596287335045754,0.3225923714682334,0.3192613203364655,0.31595985726753917,0.31257949269770147,0.3093865191925278,0.3062724471882643,0.30304002293263427,0.2998766374903018,0.296496272920464,0.29317508447631013,0.29005114978443314,0.28685817627925825,0.28353698783510445,0.28021579939095054,0.2768847482591819,0.27367204937877987,0.2705875654373581,0.26746363074548085,0.2641227169260989,0.2608607046076278
sdg15_redlist,0.8070000000000026,0.80637135118981,0.8057341268390132,0.8050197226225776,0.8043138939467867,0.803608065270975,0.8029451142983054,0.8023421921099841,0.8016963922185631,0.8010162901646252,0.800327612570082,0.7996217838942714,0.7989331062997277,0.7982358531645406,0.7975643266512457,0.7968499224348076,0.7961783959215017,0.7954982938675751,0.7948096162730213,0.7941037875972208,0.793423685543292,0.7927350079487394,0.792089208057308,0.7914005304627553,0.7907204284088264,0.7900574774361452,0.789351648760345,0.788654395625167,0.7879657180306155,0.7872427382735638,0.7865712117602616,0.785839656462583,0.785159554408657,0.7844537257328531,0.7837821992195424,0.7830849460843695,0.7823876929491889,0.7816990153546397,0.7809931866788344,0.780321660165534,0.77965870919285,0.7789443049764281,0.7782470518412468,0.7776012519498189,0.7769125743552625,0.7762581989232108,0.7755437947067816,0.7748379660309823,0.7741407128958017,0.7734949130043725,0.7727290555441947,0.7720661045715185,0.7713173981925894,0.7706201450574147,0.7698628631378653,0.7691827610839389,0.7685026590300084,0.767796830354209,0.7671338793815269,0.7664623528682251,0.7657822508142933,0.7651364509228651,0.7644649244095578,0.7638620022212502,0.7631390224641986,0.7624160427071492,0.7617702428157134,0.7610644141399169,0.7603071322203623,0.759601303544561,0.7588868993281351,0.7581982217335822,0.7575181196796532,0.756855168706974,0.7561836421936694,0.7555206912209896,0.7548834668701827,0.7541862137350055,0.7535061116810763,0.7528774628708944
sdg16_rsf,0.23269999999999783,0.2313436214482293,0.22990424168792034,0.22840739955246436,0.22688501858361373,0.22541371528155776,0.22394241197949868,0.22251580163588727,0.22106365245887688,0.21954765619837396,0.21814019997981038,0.2166114343026096,0.21514013100055215,0.2136560582817973,0.21219113968808978,0.21065598930253865,0.2091080695002906,0.20759207323978857,0.20610161581268205,0.20467500546907008,0.2032292410004104,0.20173878357330471,0.200267480271248,0.19877702284414325,0.19727379600033965,0.19571949148974166,0.19419711052089011,0.1927130378021339,0.19122896508337794,0.18977681590636827,0.18831189731266024,0.18683420930225386,0.1853565212918474,0.18385967915639348,0.1823756064376378,0.1808340713437382,0.17934999862498258,0.1778148482394324,0.17629885197892936,0.17479562513512578,0.1732987829996715,0.17183386440596313,0.17029871402041327,0.16883379542670562,0.1673241838745529,0.16582095703074917,0.1643304996036437,0.16282727275984002,0.16129850708263918,0.15982720378058177,0.15837505460357243,0.15693567484326176,0.15541329387440997,0.15387175878051096,0.15240045547845377,0.1509036133429991,0.1494450794576407,0.1479929302806312,0.14645777989508094,0.14492901421788007,0.14341940266572736,0.1418906369885259,0.14040017956142087,0.1389416456760625,0.13748949649905343,0.1359990390719482,0.134495812228144,0.13297343125929265,0.13147020441548912,0.12994143873828826,0.1284573660195323,0.12699883213417373,0.1255594523738628,0.1240753796551071,0.12257215281130353,0.12106892596749985,0.11952739087360013,0.11800500990474845,0.11648262893589707,0.11499855621714128
sdg17_govex,0.10697567334790942,0.10220586968918269,0.09808196090794624,0.09409261355952205,0.09008981006781765,0.08635612944173394,0.08236678209331023,0.07817559259566956,0.07409205224427774,0.07002196803616731,0.06587114696836976,0.06170686975729152,0.057744434695429815,0.053956929496222064,0.04987338914483021,0.04609934008890358,0.042056168167355266,0.038187926108461015,0.034238947189880256,0.030330336701142716,0.026319415621759164,0.022556343255768677,0.018812618962570832,0.01561398076795781,0.01261205303894215,0.009819104614209212,0.007819647153805983,0.00622040424775668,0.004773160182882756,0.0037367677484771954,0.002897117953464521,0.0021098836265848143,0.0016010512853133036,0.001239854579374098,0.001085622513757352,0.0008967544856158605,0.0007717827618482295,0.0005950211527430779,0.000544642190210413,0.0005394288101709396,0.0005167333904194941,0.0004852834948469293,0.0004226432473413314,0.00042908117606229657,0.0004289514042425304,0.0003996882839503541,0.00038195407529841556,0.0003596136843764358,0.00037519540437781795,0.0004019779191202411,0.0003929638996595894,0.00043964048640407195,0.00041520880539163617,0.0003997911438398524,0.0004686440630567161,0.00041089645339095944,0.0003664752151865313,0.0003707875671872081,0.0004042332676602953,0.0003598120294558668,0.00035079800999521525,0.00036425415327630994,0.0004042332676602953,0.0003731384009171957,0.0003798015866478598,0.00040645432957051654,0.00045531769159538746,0.00039090689619896687,0.0004597598154158307,0.00044199132013405905,0.0003309382246229887,0.00042200176294206676,0.0004618511055062859,0.00047752831069760156,0.0004218719911223005,0.00041533857721140217,0.0003818928767383153,0.000388685834288745,0.00043754919631361653,0.0004397702582238375
