seriesCode,0,1,2,3,4,5,6,7,8,9,10,11,12,13,14,15,16,17,18,19,20,21,22,23,24,25,26,27,28,29,30,31,32,33,34,35,36,37,38,39,40,41,42,43,44,45,46,47,48,49,50,51,52,53,54,55,56,57,58,59,60,61,62,63,64,65,66,67,68,69,70,71,72,73,74,75,76,77,78,79
sdg1_320pov,0.9979000000000046,0.9979057430705937,0.9979114861411751,0.9979167169735437,0.9979222039250187,0.9979282671444961,0.9979342343193021,0.9979402014941068,0.9979466168773491,0.9979530322605933,0.9979595757033952,0.9979657669824209,0.9979723744549973,0.9979790139424599,0.9979859095490305,0.997992773140717,0.9980001169557262,0.9980065963687493,0.9980136840646487,0.9980205156414459,0.9980277634117889,0.9980352352863578,0.9980424510418147,0.9980501790354848,0.998057778969603,0.9980653789037198,0.9980732349569498,0.998081123025064,0.9980890431080679,0.9980962908784113,0.9981038908125289,0.9981118749253116,0.9981198270232016,0.9981276510615409,0.998136147412534,0.9981440995104279,0.9981523397423132,0.9981605799742043,0.9981687881912038,0.998177060437979,0.9981848524614285,0.9981933167975349,0.9982018131485344,0.998210021365533,0.9982188058505248,0.9982277183950693,0.9982362467609524,0.998244583037509,0.9982533034927232,0.998261799843721,0.9982703922393795,0.9982786965010462,0.9982870968073742,0.9982957852477039,0.9983041215242578,0.9983122977263668,0.9983206660178087,0.9983295145325768,0.9983383950622372,0.9983470514876749,0.9983562201513302,0.9983650046363202,0.9983739812106412,0.998382893755191,0.9983918383146233,0.9984007508591722,0.998409695418605,0.9984187360227047,0.9984271683439221,0.9984356646949197,0.9984444811948013,0.9984535858286773,0.9984630426263271,0.9984726915133073,0.998481572042967,0.9984903245130703,0.998499237057617,0.9985083096766048,0.9985177664742535,0.9985269351379105
sdg1_oecdpov,0.7666149944333447,0.7663199574751153,0.7660085014779788,0.7656869414569293,0.7653956935076555,0.765085500513528,0.7647879375492971,0.7645004786090143,0.7642054416507634,0.7639078786865486,0.7636103157223193,0.7633178047700694,0.7630265568207972,0.7627315198625639,0.7624667949761121,0.7621667060059132,0.7618779840626249,0.7615778950924215,0.761306855191017,0.7610206592537184,0.7607344633164173,0.7604457413731357,0.7601696494597664,0.7598973465553721,0.7596313586659338,0.7593476887346171,0.759061492797317,0.7587992939168537,0.7585219390004942,0.7582786851649024,0.7580089082664906,0.7577517613979937,0.7574731434786408,0.7572084185921961,0.7569512717236965,0.7566827578282785,0.7564091919208908,0.7561684640912838,0.7559024762018447,0.7556390143183911,0.7553679744169867,0.7551108275484912,0.7548410506500768,0.7545712737516667,0.7543229679041077,0.7540569800146714,0.7537909921252326,0.7535300562477603,0.753271646376273,0.752996817465895,0.7527295665734678,0.7524572636690711,0.7522203248484384,0.7519694929948959,0.7517047681084512,0.7514551992579013,0.7511715293265852,0.7509219604760353,0.7506572355895902,0.7504089297420318,0.7501454678585787,0.7498921099990535,0.7496172810886764,0.7493790792650509,0.7491219323965522,0.7488407884712182,0.7485899566176767,0.7483391247641383,0.748123656994356,0.7478677731288503,0.7475853662005242,0.7473357973499754,0.7470723354665211,0.746807610580075,0.7465618307385005,0.7463160508969252,0.7460626930374026,0.7458143871898439,0.7455635553363039,0.745301356455841
sdg1_wpc,0.9982999999999865,0.9983057510174346,0.9983107486838556,0.9983153876116982,0.998320098287257,0.9983250959536758,0.9983303806109616,0.9983354500250993,0.9983406270608093,0.9983461628350976,0.9983524878342575,0.9983580953562624,0.9983639898691293,0.9983700637512845,0.998376065885725,0.9983820680201634,0.9983886082624701,0.9983951485047791,0.9984013300085091,0.9984072962690913,0.9984137288898233,0.9984200538889841,0.9984268093744391,0.9984332778690308,0.9984404638407793,0.9984481161726783,0.9984551945228524,0.998462739233179,0.9984704274389377,0.9984777927799747,0.9984848711301479,0.998492595209763,0.9985001399200907,0.9985079357474218,0.998515695700895,0.9985237067713707,0.9985319689588525,0.9985400159031912,0.9985482063429569,0.9985560739180038,0.998564443727058,0.9985724189236777,0.9985805734895885,0.9985890867940754,0.9985969902429788,0.9986056470428969,0.9986141962212397,0.9986220996701467,0.9986310075870696,0.9986405971072908,0.9986494332764977,0.9986581259502729,0.9986666751286198,0.9986752601808228,0.9986843474670342,0.998693076014668,0.9987023785440261,0.9987110712178026,0.99871990738701,0.9987282413222072,0.998737113365272,0.998746128903766,0.9987550368206889,0.9987643393500493,0.9987730678976815,0.9987820834361777,0.9987909196053865,0.998800186260888,0.9988089148085227,0.9988177509777276,0.9988265153992194,0.9988357820547221,0.9988445464762138,0.9988539566271476,0.9988626134270634,0.9988715213439868,0.9988806086301996,0.9988895165471225,0.9988986755810506,0.998908408596702
sdg2_crlyld,0.1535962050527786,0.15377744910059768,0.15396013519697557,0.15414354231763563,0.15433488070537596,0.1545218929474362,0.15471178928661714,0.15490889586860004,0.15510960757198383,0.15531464542104922,0.15550526278451005,0.15571390575497684,0.15591605950692103,0.15611749223458524,0.15632397213221116,0.15653477817551806,0.15674270012170424,0.15696504255349464,0.15718377986388396,0.15739963307715277,0.15762558063034413,0.15784287589217263,0.15806666037252398,0.15829477099855602,0.15851783445462683,0.15875099225062073,0.15897910287665276,0.1592064924784052,0.15944325539579973,0.15968146036175468,0.15990812893922682,0.16014633390518176,0.1603838178468568,0.16062418588565308,0.16085229651168498,0.16108833840479952,0.16132438029791404,0.16156835345811063,0.16181232661830783,0.16205197363282345,0.16229378372017916,0.1625391989289369,0.1627846141376939,0.16302930832217108,0.16326318714244506,0.16351581259400425,0.16375329653567958,0.16400015379299734,0.16424989514743552,0.16450396264755576,0.16475081990487334,0.16499695613791096,0.1652517446623112,0.16550725421099116,0.16575627454114986,0.16601250511411048,0.16626801466279037,0.16651991909006988,0.16678263888155226,0.1670359853573918,0.16729293695463263,0.16754339933335105,0.1677945827363507,0.16805441843071223,0.1683120910522328,0.16857120572231463,0.16883032039239623,0.1690966453052792,0.16936657533956428,0.16961775874256277,0.1698811995583257,0.1701568977868521,0.17042826986969664,0.17068594249121807,0.1709522674041015,0.17121787129270438,0.17148203313274776,0.1717562893127132,0.17200963578855316,0.1722730766043159
sdg2_obesity,0.7894325559533921,0.7886139952393122,0.7877007239943271,0.7868111303820752,0.7859531069468009,0.7851187611442367,0.7842291675319858,0.7834106068179093,0.7826236162808075,0.781789270478244,0.7809707097641776,0.780041653430714,0.7792467703493678,0.7783571767371085,0.7775622936557643,0.776735840397453,0.7759251722276247,0.7751618593232411,0.7743748687861373,0.7736036633375186,0.7727456399022393,0.7719112940996753,0.7710453781201516,0.7703136353927424,0.7695661075768525,0.7688027946724691,0.7679763414141568,0.7671656732443272,0.7662681870878337,0.7654654114622392,0.7646547432924111,0.7638203974898549,0.763017621864269,0.7621280282520188,0.7614041780688464,0.7605619397220493,0.7597275939194933,0.7589169257496651,0.7581457203010389,0.7573271595869686,0.75655595413835,0.7557768561454904,0.7549898656083804,0.7542344452482481,0.753447454711144,0.7526525716298004,0.7519445065351122,0.7511654085422539,0.7504020956378779,0.7496782454547126,0.7488754698291179,0.7480490165708054,0.7473093812991571,0.7464750354966028,0.7456959375037344,0.7450036574975376,0.7441772042392236,0.7434217838790919,0.7425874380765283,0.7417294146412472,0.7409661017368693,0.7403053919076438,0.739510508826291,0.7387314108334326,0.7379838830175436,0.7372442477458916,0.7365361826512131,0.7357886548353141,0.7349779866654866,0.7342620290265637,0.7334671459452182,0.7326801554081082,0.7319089499594917,0.7310982817896623,0.7303270763410461,0.7295164081712091,0.7287373101783479,0.7280450301721519,0.7272659321792934,0.7265184043633945
sdg2_snmi,0.7362844042149277,0.736294244074537,0.7363794820008742,0.7364690698156687,0.7365639741608123,0.7366593618268963,0.7367450830741691,0.7368322542842645,0.7369266753084682,0.7370128798766807,0.7371019843705379,0.7371910888643962,0.7372830932838972,0.7373712311358703,0.7374545357784432,0.7375378404210143,0.7376259782729903,0.737709766236501,0.7378003206931801,0.7378850752985717,0.7379756297552528,0.7380579677559396,0.7381422390403924,0.7382265103248454,0.7383098149674153,0.7383936029309266,0.7384773908944383,0.7385621454998299,0.7386396502911163,0.7387161884405186,0.7388052929343759,0.7388842476884823,0.7389612691588272,0.739045057122337,0.7391283617649076,0.7391957168164429,0.7392799881008941,0.7393521763618334,0.7394291978321778,0.7395076692653431,0.7395851740566289,0.73966944534108,0.739742116922958,0.7398191383933038,0.7398976098264696,0.739970764729288,0.7400390864227042,0.740113207967405,0.7401868461911659,0.740266284266212,0.7403433057365556,0.7404130773927927,0.7404939654306615,0.740567603654421,0.7406412418781818,0.7407216465951098,0.7408054345586208,0.7408843893127273,0.7409594774993087,0.741030699118367,0.741102887379307,0.7411707257517806,0.7412482305430647,0.7413136523108372,0.7413853572508353,0.741457545511774,0.7415263505261301,0.7415995054289488,0.7416697604061269,0.7417467818764711,0.7418252533096357,0.7419003414962182,0.741972529757157,0.7420365015621081,0.7421072398602255,0.7421866779352718,0.7422646660474975,0.7423383042712585,0.742410975853137,0.7424792975465518
sdg2_stunting,0.9808271274342816,0.9808589490923798,0.9808892971143858,0.9809187382834167,0.9809494263752817,0.9809797743972912,0.9810114826987644,0.9810450047061978,0.9810789801401202,0.9811131822872885,0.9811455707284978,0.981179092735931,0.9812139750228258,0.9812480638133688,0.9812822659605358,0.981318621883527,0.9813538442402963,0.9813884998139506,0.9814240622405866,0.9814597380238389,0.9814958672335852,0.9815322231565742,0.9815685790795671,0.981606068568782,0.981642877918264,0.9816770800654295,0.9817147962678903,0.9817518323306079,0.9817892084632007,0.9818273780921482,0.9818663412174525,0.9819054176993822,0.9819432472584642,0.9819805100344331,0.9820187930199984,0.9820569626489474,0.9820956990610067,0.9821337553333336,0.982172038318905,0.982209301094876,0.9822491710731587,0.9822873407021085,0.9823272106803866,0.9823664005189362,0.9824074040634413,0.9824470473284803,0.9824854436706748,0.9825257670754483,0.9825655236971094,0.9826060738151211,0.9826476441427409,0.9826881942607572,0.9827279508824193,0.9827679342173256,0.9828081442654777,0.9828501680195855,0.9828909448508485,0.9829329686049514,0.9829735187229689,0.9830155424770751,0.9830576795878064,0.9830983430624476,0.9831394599635777,0.9831810302911965,0.983222713975438,0.9832634908066933,0.9833063080571564,0.9833474249582868,0.9833889952859054,0.9834306789701478,0.9834720225845217,0.9835147264783645,0.9835567502324672,0.9835993407696875,0.9836405710274377,0.9836831615646578,0.9837263188849897,0.9837687960655881,0.9838110465329409,0.9838531836436724
sdg2_trophic,0.7415036714564651,0.7408989161927592,0.7402079316575516,0.7395064313575277,0.7388070342104636,0.7381475969697125,0.7374524061285777,0.7368076909585743,0.736158769482636,0.7354909196300297,0.7348377918481684,0.7341762514544478,0.7335357425903718,0.7329225747148141,0.7323178194511157,0.7317067547285221,0.731089380547042,0.7304909347422313,0.7298966952433492,0.7292624958381598,0.7286766689511299,0.7280403663929783,0.7274166827526016,0.7267951022651977,0.7262008627663127,0.7255834885848307,0.7249934553918753,0.7243865969752105,0.7237587070289124,0.7231245076237215,0.7225512996544754,0.7219528538496638,0.721394367951163,0.72081905682895,0.7202079921063603,0.7196474030548952,0.7190805045445392,0.7184904713515835,0.7179403980649334,0.7174134594608856,0.7168318388797835,0.7162712498283175,0.7156959387061076,0.7151732064079844,0.7146063078976292,0.7140877819054349,0.7135292960069315,0.7129560880376844,0.7124796251047607,0.7119001076766232,0.7113395186251572,0.7107936516444355,0.7102772288052043,0.7097460838952296,0.7092023200674707,0.7086774846163862,0.7081484428593731,0.7075626159723445,0.7069852016971713,0.7064330252575586,0.7059039835005466,0.7053349818372258,0.704799630621323,0.7042979298528376,0.703749959719152,0.7032167116562122,0.7026519162988192,0.7021018430121706,0.7015896264788662,0.7010689973337102,0.7005378524237326,0.6999814696781945,0.6994440153093269,0.6989254893171319,0.6983859317953025,0.6978442711205074,0.69729419783386,0.6967714655357383,0.6962340111668716,0.695709175715786
sdg2_wasting,0.9307462105586531,0.9307607777586867,0.9307712818566531,0.9307837159280872,0.9307963531546364,0.9308073651403448,0.9308212212975174,0.9308343664118288,0.9308470036383731,0.930862078726172,0.9308766459262099,0.9308917210140139,0.9309068976793633,0.9309211601467414,0.9309376573202675,0.9309533418733794,0.9309691280040489,0.9309851172898148,0.9310029349715216,0.9310216668511984,0.9310388750675961,0.9310557785513314,0.9310723773024099,0.931089280786146,0.9311061842698841,0.9311258303475349,0.9311440543394501,0.9311626846415733,0.9311812133661443,0.9312008594437943,0.9312209118316468,0.9312396437113208,0.9312588834787593,0.9312779200910909,0.9312977693238456,0.9313180248668042,0.9313386867199701,0.9313575201771978,0.9313758457466691,0.9313966091773878,0.9314179820734195,0.9314376281510649,0.931458594736888,0.9314805770982383,0.9315001215983296,0.9315207834514959,0.9315422579250809,0.9315634276660133,0.9315845974069407,0.9316056655703152,0.9316275463541094,0.9316487160950413,0.9316717142319064,0.9316926808177296,0.9317153742219387,0.9317379660485984,0.931760253142605,0.9317833528570223,0.9318069604592016,0.9318287396654434,0.9318505188716879,0.931873618586107,0.9318951946372418,0.9319179896190031,0.9319407846007672,0.9319635795825327,0.9319861714091908,0.9320095758562655,0.9320333866135507,0.9320572989483918,0.9320808049730178,0.9321031936445703,0.9321273091345099,0.9321509167366906,0.9321749306490832,0.9321989445614721,0.9322233647840685,0.9322475818515616,0.932272916272132,0.932296523874311
sdg3_births,0.9127708832635903,0.9118525441101258,0.9109382522456209,0.9099915820693938,0.9091258576724611,0.9082520386976,0.9073741724337654,0.9064963061699371,0.90554154141579,0.9046758170188571,0.9038100926219228,0.9029160372022322,0.9020948329839052,0.9012574396097222,0.9004079043686412,0.8995988420172014,0.8987978742436941,0.8979766700253664,0.8972323642973555,0.8964233019459145,0.8956385233282633,0.8948739811554355,0.8941053916936389,0.8933610859656271,0.892471077834907,0.8916862992172576,0.8909258043333886,0.8901976877612315,0.8894614766111507,0.888676697993502,0.8879809597330605,0.8872083229822992,0.8864599699653251,0.8857561371269587,0.8850280205548052,0.8842634783819714,0.8834989362091404,0.8828760491500582,0.8821843581785804,0.8815655184084591,0.8808414491252679,0.8801133325531173,0.8794297361595701,0.8787420924770564,0.8780827798172928,0.877447750891318,0.8766993978743426,0.8760319906366506,0.8753645833989596,0.8746283722488792,0.8739973906118669,0.8732773686176396,0.8726099613799488,0.8720275472105067,0.8713884709955649,0.870729158335801,0.8700577038091463,0.8693862492824918,0.8687997878240848,0.8680838131188217,0.867477115215593,0.8668623227344388,0.8661342061622861,0.8654667989245931,0.8648236754206869,0.8641967410726386,0.8635455229908049,0.8628133591296858,0.8621945193595648,0.8615473485666961,0.8608597048841852,0.8602044395133864,0.8596382144997986,0.8590193747296779,0.8583964876705938,0.8577736006115073,0.8571669027082798,0.8565521102271245,0.8559251758790745,0.855298241531025
sdg3_fertility,0.9827516511260795,0.982921461899775,0.9830890311981543,0.9832416573278501,0.9833965249328378,0.9835573698053126,0.9837129845687443,0.9838835425008707,0.9840570890667374,0.9842246583651262,0.9843877447129004,0.984559049803454,0.9847363321614931,0.9849091315689222,0.9850826781347887,0.9852681792356116,0.9854484502273904,0.9856317098529019,0.9858201995874638,0.9860094364804499,0.986195684739707,0.9863811858405265,0.9865636983076095,0.9867521880421695,0.986944413568901,0.9871351447787645,0.9873288646223595,0.9875345390009185,0.9877319946366946,0.987924967321864,0.9881209286407702,0.9883101655337672,0.9884994024267592,0.988696110904101,0.9888860949555225,0.9890730903732146,0.989263821583075,0.9894590357435499,0.9896594800130653,0.9898681430253596,0.9900648515027024,0.9902675372475146,0.9904784417351159,0.9906766445293267,0.9908875490169301,0.991096212029228,0.9913011392493517,0.9915120437369515,0.9917147294817732,0.9919241396524955,0.9921417685660081,0.9923504315783073,0.9925643246996487,0.9927714933950774,0.9929891223085892,0.9932082455389735,0.9934169085512637,0.993629307355735,0.9938446947939432,0.9940608293905895,0.9942739753534962,0.9944983286929236,0.9947286592998258,0.9949017969873494,0.995014853560428,0.9951192335830316,0.9952212240501435,0.9953118861951066,0.9954035730758611,0.9954796152128872,0.9955525011252937,0.9956233320092346,0.9956977525742542,0.9957679885294685,0.9958321922366241,0.9958977406547724,0.9959611937087127,0.9960260710832801,0.9960901047666259,0.9961573262678955
sdg3_incomeg,0.6698243271007982,0.6698243260835218,0.6698243255258476,0.6698243249154251,0.6698243243276037,0.6698243237774582,0.6698243231996874,0.6698243226495435,0.6698243221069261,0.6698243215894315,0.6698243210794662,0.6698243205745298,0.6698243201047441,0.66982431962743,0.6698243191802541,0.6698243187104719,0.6698243182582696,0.6698243177734216,0.6698243173413132,0.6698243169041785,0.6698243164896489,0.669824316060053,0.6698243156681273,0.6698243152787081,0.6698243148817601,0.6698243144823003,0.6698243140727943,0.6698243136758425,0.6698243132713597,0.6698243128568314,0.6698243124548592,0.6698243120729761,0.6698243117086757,0.6698243113720035,0.6698243110554181,0.6698243106986491,0.6698243103293275,0.6698243099449359,0.669824309583146,0.6698243092163316,0.6698243088972393,0.6698243085555403,0.6698243082238876,0.6698243078821894,0.6698243075806753,0.6698243072615797,0.6698243069424846,0.6698243066007861,0.6698243062590887,0.6698243059173906,0.6698243055907607,0.6698243052766879,0.6698243049701504,0.6698243046661237,0.6698243043796758,0.669824304115834,0.6698243038017612,0.6698243035102915,0.6698243032012412,0.6698243029198183,0.6698243026208147,0.6698243023519485,0.6698243020655005,0.6698243017489176,0.6698243014750277,0.6698243012312759,0.6698243009624079,0.669824300675962,0.6698243003895162,0.6698243001206491,0.6698242998367131,0.6698242995326881,0.669824299256287,0.6698242989999766,0.6698242987336216,0.6698242984446635,0.6698242981707752,0.6698242979345567,0.6698242976606661,0.6698242973867781
sdg3_matmort,0.9980021108727364,0.9980134540490184,0.9980256036081032,0.9980374507736236,0.9980503059176662,0.998064471433808,0.9980787377477871,0.9980931048596112,0.9981082783542669,0.9981229478596529,0.99813660938652,0.9981508757004982,0.9981643356316636,0.9981796099241603,0.9981954890037773,0.9982101585091677,0.9982263399823359,0.9982427230512139,0.9982594085136424,0.998276900358893,0.9982944930019896,0.9983133960171712,0.998329275096781,0.9983474725269976,0.9983658715529153,0.9983848753659451,0.9984022664133418,0.9984204638435545,0.9984384596780662,0.998457866682501,0.9984772736869438,0.9984954711171551,0.998514071738777,0.9985337811367723,0.9985548009068465,0.9985745103048417,0.9985938165114272,0.9986113083566791,0.9986300097761504,0.9986496183762947,0.9986689245828795,0.9986903475443644,0.9987110649208795,0.9987285484589579,0.9987498729863192,0.998770701831588,0.9987912359824838,0.9988126879849464,0.9988326149849993,0.9988513904927876,0.9988720254092517,0.9988928251812537,0.9989131446372438,0.9989322124433954,0.9989506409891473,0.998968282162438,0.9989861569441332,0.9990055146526317,0.9990256187125318,0.9990429668862771,0.9990609014770518,0.9990779105170772,0.9990948779926241,0.9991102380379858,0.9991277161797035,0.9991432138599333,0.9991585875802035,0.9991754109053922,0.9991907004098659,0.999205863716122,0.9992203194593383,0.9992349470238089,0.9992459537548317,0.9992592923213096,0.9992716852721234,0.9992844470056292,0.9992960345672725,0.9993080698242373,0.9993179105650845,0.9993280100545274
sdg3_neonat,0.9490371639818734,0.9491081603635547,0.9491787923614463,0.9492432298348147,0.9493120399137208,0.9493921458902814,0.9494667861099141,0.9495432482485248,0.9496237186088828,0.9496947149905622,0.9497719058967616,0.9498545625598886,0.949933939768861,0.9500162320481947,0.9500930585705962,0.9501789946878828,0.9502663883403498,0.9503497737710666,0.9504357098883518,0.9505263829949752,0.9506170561015971,0.9507095511271957,0.9507998598500251,0.9508956343297794,0.9509888581229706,0.9510769805430267,0.951169475568623,0.9512575979886824,0.9513581094577759,0.9514509688671682,0.9515460145793359,0.951646890432225,0.9517368347712546,0.9518260503426978,0.9519214604386589,0.9520237938267284,0.9521199326902807,0.9522149784024462,0.9523169474067198,0.9524123575026816,0.9525172415773165,0.9526188461977958,0.9527240946562295,0.9528278855794791,0.9529316765027305,0.953032916739414,0.9531312419057366,0.9532317533748318,0.9533311716925393,0.9534375133023565,0.9535467699825357,0.9536574841978951,0.9537645545753026,0.9538730824878918,0.9539816104004814,0.9540926889996348,0.954200488144634,0.9543057366030654,0.9544131713642684,0.9545242499634249,0.9546367860977604,0.9547500509996858,0.9548604008312521,0.9549671068248637,0.9550781854240198,0.9551936366287169,0.9553087234496188,0.9554168869784135,0.9555272368099782,0.9556379510253372,0.9557523090786508,0.9558684890509382,0.9559824827204544,0.9561026709144916,0.9562163002002126,0.9563284719507528,0.956442101236477,0.9565531798356303,0.9566646228185806,0.9567775233367137
sdg3_smoke,0.6484127934663827,0.6520710791091927,0.6556470449262087,0.6590995310045109,0.6627029367634503,0.6664572622030303,0.6701704277297085,0.6739796330531498,0.6778985981443282,0.6816529235839075,0.6855032888202511,0.6894908537662641,0.6933274990316423,0.6972190241808838,0.7013163488946343,0.7053176338116147,0.7092091589608567,0.7131281240520334,0.7170882490561172,0.7211444138569607,0.7253377783674749,0.7292430234876887,0.7333952280853026,0.7375062727700147,0.7416584773676315,0.7458518418781475,0.7500726463305935,0.7542385708991755,0.7583770555258258,0.7626252999202032,0.7669009842565213,0.7712589884186384,0.7756444325226867,0.7798789569461012,0.7843741608178868,0.7887321649800038,0.7930490092292176,0.7975716530429396,0.8021354567695576,0.8065620607865069,0.8111121445421619,0.8156759482687793,0.8202397519953958,0.8248309956639518,0.8293947993905696,0.8340820828558869,0.8386870464954048,0.8431273704833289,0.8475265345583409,0.8521177782268924,0.8569011014889832,0.8613414254769011,0.865809189406749,0.870565072726907,0.8752111962793268,0.879953359628511,0.8845720432389997,0.8883227280813234,0.8913590448158702,0.8940061899699948,0.8965967313740792,0.898908621554406,0.9010341941528007,0.9030726808366915,0.9051516430399538,0.9070971729566805,0.9092127208349642,0.9111546833407967,0.9129102261894334,0.914709754838433,0.9163842336689795,0.9180947757288541,0.9197126671321898,0.9213543195494316,0.9230560763740764,0.9247026635270578,0.9261715739887824,0.9276696237743721,0.9290449026990324,0.9304405438737421
sdg3_swb,0.75,0.7490977532958457,0.7482126369644827,0.7473926160497393,0.746555464762205,0.7457114613255481,0.7448571796652134,0.7440474369741433,0.7432513985813114,0.742434803741124,0.7416558957210793,0.7408324487317751,0.7400672450099699,0.7393054673627216,0.7386019329829654,0.7378161728138063,0.7370030040481799,0.7362412264009313,0.7354349097844178,0.7346765582117268,0.7339558934591836,0.733211246184728,0.7324700249848278,0.7317459341577237,0.7309567479140072,0.7302395092360201,0.7295325487817067,0.7287913275818098,0.7280535324564728,0.7273842588223043,0.7266875765916675,0.7259908943610334,0.7253181946523095,0.7246249384962316,0.7239351084147133,0.723217869736726,0.7226171175937329,0.7219615482577996,0.7212888485490732,0.7206538356604933,0.7199811359517698,0.7193221405412772,0.7186871276526956,0.7180075757948556,0.7173794150553924,0.71667245460108,0.7160203113397066,0.7154024288239197,0.7147331551897533,0.7140330468845584,0.7134014600705353,0.7127356125109302,0.7121177299951428,0.7114724388828846,0.7108819649635659,0.7101887088074912,0.7095536959189089,0.7089906305960599,0.7083864523785067,0.7077891263100716,0.7071575394960498,0.7065430830548194,0.7059252005390326,0.7052867615758948,0.704696287656576,0.704136648408284,0.7035324701907308,0.702900883376712,0.7022830008609223,0.7017541962836588,0.7011465919915476,0.7005458398485542,0.7000478699423176,0.6994471177993222,0.6989285914457356,0.6983072828553916,0.6977544957562158,0.6971674479114565,0.6965975304394896,0.6960481694148766
sdg3_tb,0.9963347997732395,0.9963878580966993,0.9964326614283171,0.9964809405459852,0.9965313920299217,0.9965781504911891,0.9966283847385004,0.9966799224055769,0.996731242836021,0.9967873424722775,0.9968406180323736,0.9968962831953706,0.9969547724345298,0.9970056583917222,0.9970624097378584,0.9971195955572517,0.9971793882161717,0.997236791272192,0.9972941943282128,0.9973542042237603,0.9974122589896633,0.9974750929613733,0.9975327132540183,0.9975957644623542,0.9976577294875542,0.997718173856357,0.9977807905914382,0.9978477520590725,0.9979110205040326,0.9979758096053889,0.9980410331800027,0.9981036499150805,0.9981649632303972,0.9982323591712862,0.9982995378755422,0.9983636752670161,0.9984269437119816,0.9984947741261211,0.9985626045402638,0.9986254237828481,0.9986747247887136,0.9987177751187063,0.9987548291791155,0.9987923974326711,0.9988265181177777,0.9988608333675674,0.9988937735717955,0.9989231683115413,0.998954779249317,0.9989828578703279,0.9990079506342305,0.9990306645585089,0.9990514767911243,0.999070347123817,0.9990895273147353,0.999109902689655,0.9991286719515703,0.9991434493806146,0.9991625295506036,0.9991791760011877,0.9991964762865483,0.9992127342205278,0.9992287396425054,0.999243849114234,0.9992550133360393,0.9992695002265187,0.9992825381432042,0.9992972021188528,0.9993126734701975,0.9993250269500739,0.9993385296004983,0.9993506665520454,0.9993638578708421,0.999374789665408,0.9993866053943541,0.9993976522797234,0.9994121186799552,0.9994227513795744,0.9994340999083373,0.9994445997780955
sdg3_traffic,0.9533931130540171,0.9544839944951272,0.955489461877633,0.9564593400690188,0.9574683663706153,0.9585521299735064,0.9596038633044097,0.9606733912308624,0.9617856261866338,0.9629085378997311,0.9639745069070911,0.9650760651055378,0.9662238892524035,0.9673503598846114,0.9685017429505824,0.9696495670974444,0.9707404485385568,0.9719131851191891,0.9731321876482548,0.974258658280473,0.9754171591846662,0.9766219260372841,0.9778160161325706,0.9789638402794324,0.9801152233454057,0.9813057545215854,0.9825034035359929,0.9837117293077274,0.9846808959698775,0.9854177104978592,0.9860279893016006,0.9865849002833741,0.9871245014619483,0.987614434909732,0.988056129467851,0.9884608878580478,0.9888593606335436,0.9892386099723599,0.9896340577434503,0.9899931661626434,0.9903164194270373,0.9906162677663704,0.990897354706431,0.9911524805447021,0.9914266235605477,0.9916985737955085,0.9919688583740203,0.992219156785515,0.9924314769529134,0.9926007558435375,0.9928606789492015,0.9930549353606327,0.9932708178422774,0.9935102388181999,0.9937148613070289,0.9939123985011579,0.9940963685137685,0.9943032903900286,0.994476163127419,0.9946443721666287,0.9947751782322397,0.994927570023278,0.9950640381233202,0.9952111819696903,0.995337323326122,0.9954460738276374,0.9955902463965176,0.995711010645202,0.9957902545079422,0.9959112879170485,0.9960156113372882,0.9961331341370663,0.9962289366312065,0.9963345970412838,0.9964693962881584,0.9965745553270449,0.9966942181917932,0.996802368680563,0.9969345634409303,0.9970722890506516
sdg3_u5mort,0.9844427561722531,0.9845418942574768,0.9846414622021354,0.9847332926772843,0.984830281465443,0.9849294195506788,0.9850307069330076,0.9851393019254221,0.9852418788860003,0.9853435961277416,0.9854478925259884,0.9855547680807352,0.9856590644789817,0.985767659471397,0.9858827023550646,0.9859947362228202,0.9861033312152327,0.986211496348234,0.986324389934818,0.9864415821155788,0.9865626430310883,0.9866789754930144,0.9867965975331867,0.9869159390110334,0.9870288325976173,0.9871468844972122,0.9872688051315542,0.9873902959064833,0.9875190942915013,0.9876440239417669,0.9877698133108663,0.9878895846481281,0.9880149441578094,0.9881454619804986,0.9882708214901795,0.9883914525462765,0.9885116537429522,0.9886357236743856,0.9887597936058166,0.9888825739589933,0.9890066438904255,0.9891375915725291,0.9892646705198817,0.9893917494672312,0.9895162492580819,0.9896463372213493,0.9897729863092865,0.989903933991387,0.9900318726575761,0.9901593814643412,0.9902933381623691,0.9904221365473862,0.9905509349324053,0.9906784437391719,0.9908119705777816,0.9909420585410499,0.9910790242549954,0.9912116913747678,0.9913430689162908,0.991477025614314,0.9916118420311737,0.9917436494321119,0.9918776061301368,0.9920132822658301,0.9921502479797717,0.9922893629908035,0.9924220301105732,0.9925564166680173,0.9926933823819593,0.9928303480959061,0.9929608659185911,0.9930952524760345,0.993234797346479,0.9933752019357631,0.9935173259627091,0.9936568708331591,0.9937951261253521,0.9939329515581323,0.9940819533357522,0.9942197787685326
sdg3_vac,0.960699083051736,0.960575639286856,0.9604425230887577,0.9603236610027676,0.960200726313322,0.9600777916238693,0.9599589295378892,0.9598354857730066,0.9597268051956751,0.9596176155429106,0.959507916814715,0.959402290689979,0.9592997190178398,0.9591976564211346,0.9590894849192317,0.9589894586242576,0.9588975775362069,0.9587990784675288,0.9587051610777438,0.9586051347827717,0.9585081629403905,0.9584106820225778,0.9583244007642852,0.9582345559779649,0.9581380932110175,0.958058939008781,0.9579797848065502,0.9578889218693614,0.9578000952339043,0.9577168684282106,0.9576336416225124,0.9575555055711426,0.9574712606145795,0.9573910882614821,0.9573093886820832,0.9572327798570108,0.9571561710319416,0.9570856711120632,0.9570100804378556,0.9569355079145151,0.9568604263157443,0.956785344716969,0.9567077177410325,0.9566392541228864,0.9565651906749789,0.9564941816796665,0.9564216454580576,0.95634961831188,0.9562719913359428,0.9562070912458233,0.95613913670311,0.956071182160394,0.9560001731650825,0.9559322186223682,0.955865282230519,0.9558014002912639,0.9557309003713862,0.9556639639795365,0.955596518512253,0.955530600271268,0.9554723181617761,0.9554094543733883,0.955341499830671,0.9552694726844974,0.9552086451978388,0.9551427269568536,0.9550773177913008,0.9550200538326756,0.9549582081951502,0.954891780878733,0.954830953392078,0.9547680896036896,0.9547031895135686,0.9546372712725864,0.9545794982385254,0.9545191798272994,0.9544558069634778,0.9543909068733614,0.9543336429147322,0.9542743426543714
sdg4_earlyedu,0.9707956661841346,0.9704328377152914,0.9699929558246189,0.9695681496034143,0.9691600941260978,0.9687771647645957,0.9683741345104427,0.9679794796282247,0.9675563484814191,0.9671566683760413,0.9667670387169817,0.9663790841323165,0.9659794040269386,0.9656014998885978,0.9652386714197434,0.9648892435459886,0.9645146895564257,0.9641485109387964,0.963768931726068,0.9634161537035407,0.9630617006066242,0.962653645129305,0.9623075674043297,0.9619748902744536,0.9616170870287599,0.9612676591550063,0.9609031556117673,0.9605403271429147,0.9602076500130369,0.9598464966185719,0.959507119191145,0.9592045934002414,0.9588518153777148,0.9585057376527377,0.9581462593326593,0.9578001816076807,0.9574474035851537,0.9571130513808879,0.9567485478376473,0.9564242460797088,0.9560865437266698,0.9557454912248522,0.9554144891693633,0.9550834871138748,0.9547441096864474,0.9544097574821824,0.9540620046828167,0.9537276524785517,0.9533966504230627,0.9530622982187978,0.9527162204938197,0.9523852184383313,0.9520893929449792,0.9517550407407149,0.9514173383876748,0.9510880114065732,0.9507570093510839,0.9504226571468185,0.9501017055376538,0.9498025298955285,0.949473202914427,0.949157276528424,0.9488547507375242,0.9485471997234591,0.9482513742301094,0.947937122918495,0.9476446475739201,0.9473421217830186,0.9470261953970172,0.9467069188622397,0.9464144435176647,0.9461253183218639,0.9458110670102499,0.9455152415168999,0.9451909397589597,0.9448649629266332,0.944559086986956,0.9442515359728942,0.9439456600332169,0.9436464843910904
sdg4_primary,0.9938976060222444,0.9939023784378052,0.9939083231467504,0.9939141945873751,0.9939200660279874,0.9939258275660997,0.9939320653484102,0.993938816009077,0.9939450171572198,0.9939518410862229,0.9939588481860748,0.993965672115083,0.9939724594099203,0.9939800160223066,0.9939870963904943,0.9939943599295303,0.9940017700052359,0.9940095097884668,0.9940161505466288,0.9940230477439749,0.9940305310880213,0.9940384540420925,0.9940459740203087,0.994053530632691,0.9940613070500893,0.9940687171257965,0.9940757608598205,0.9940832075696948,0.9940914968654561,0.9940993099170224,0.9941070497002495,0.9941147162151407,0.9941220896566794,0.9941296462690637,0.9941376424914741,0.9941456387138842,0.9941534517654484,0.9941619975003924,0.9941703966986585,0.9941783196527298,0.9941869386560094,0.9941953012201086,0.9942037004183764,0.9942115867382767,0.9942205720832472,0.994228385134811,0.9942367843330796,0.9942450003605022,0.9942534361929377,0.9942620551962167,0.9942696850769372,0.994277498128505,0.9942866300101476,0.9942953222817654,0.9943037947483692,0.994312560288325,0.9943210693890976,0.9943300180998972,0.9943384905665005,0.9943473293747946,0.9943558751097361,0.9943643842105087,0.9943732596529723,0.9943826113396255,0.994391853123777,0.9944005453953932,0.9944094574720255,0.9944184061828241,0.9944276846011415,0.9944364135069278,0.994445179046883,0.9944539812210081,0.9944624903217801,0.9944718786426059,0.9944809006217418,0.9944900325033852,0.9944990911166902,0.9945079299249832,0.9945169152699511,0.9945256808099069
sdg4_second,0.7002124123235169,0.7002142969088847,0.7002160911573894,0.7002179370269687,0.7002197441807437,0.7002218868714261,0.7002238876041906,0.7002258625264208,0.7002279665013057,0.7002301608130561,0.7002324841774588,0.7002345881523431,0.7002366663167013,0.7002389638705725,0.700241248519177,0.7002434944519907,0.7002459597743153,0.7002482573281852,0.7002507097452472,0.7002530847307126,0.7002556791056957,0.7002582089543508,0.7002606355608787,0.7002631654095316,0.700265785595046,0.7002684832121526,0.7002709485344787,0.7002735429094625,0.700276188905505,0.700278757469956,0.7002814938028625,0.7002843075673604,0.7002871600476549,0.7002898963805609,0.7002928391977152,0.7002955626253528,0.7002983376740561,0.7003012546806802,0.7003039522977866,0.700306830588614,0.7003095669215176,0.7003123806860151,0.7003151041136568,0.7003180340255458,0.70032091231637,0.70032390675459,0.7003267205190881,0.7003296633362428,0.7003325545323364,0.7003353812021,0.7003382853034569,0.7003414087943318,0.7003443387062211,0.7003472169970478,0.7003503533931914,0.7003535414103897,0.7003567294275928,0.7003596593394856,0.7003626021566371,0.7003657385527774,0.7003688104225919,0.7003718951976661,0.7003749154464146,0.7003780389372937,0.7003812011439613,0.700384285919038,0.7003874481257126,0.7003903780375991,0.7003934499074114,0.700396728261476,0.7003997872260194,0.7004030139590179,0.700406098734099,0.7004091835091735,0.7004122811895205,0.7004154304909253,0.7004185539817962,0.7004217549042686,0.7004250461635949,0.7004283890439833
sdg4_tertiary,0.6813248426629454,0.6844087556586188,0.6874479934814703,0.6902459853711029,0.6931601327100654,0.6961815004637948,0.6991224529064521,0.7020991454873602,0.7051205132410888,0.7080525306491757,0.7111364436448457,0.714166746433137,0.7172238543251201,0.7203435074590461,0.7234720956275386,0.7266096188305877,0.729711401895385,0.7328221199947494,0.7360311234743115,0.7391865167464925,0.7423597800877961,0.7455509134982322,0.748777787046918,0.7519153102499736,0.7552047290406089,0.758404797485606,0.7616495411034186,0.7649389598940513,0.7681300933044862,0.7713927069914305,0.7747089308857553,0.7780072847109535,0.7810554575683677,0.7842197858751095,0.7873751791472912,0.7904769622120911,0.7936859656916536,0.7968502939983989,0.7999967522360122,0.8030806652316823,0.806307538780373,0.8094539970179908,0.8126004552556072,0.8156664981821483,0.8187414761432581,0.8218611292771816,0.8250790677913096,0.8281361756832919,0.8312200886789625,0.8343218717437585,0.8374862000505029,0.8407488137374458,0.8437880515603006,0.8470149251089888,0.8502864738304964,0.8534776072409291,0.8565793903057253,0.8598062638544155,0.8629527220920333,0.8662153357789772,0.8693617940165947,0.8725707974961544,0.8758334111830948,0.879131765008293,0.8824569239371823,0.8856927325204342,0.8888749308963017,0.8921375445832463,0.8955341837886407,0.8988325376138402,0.9022023717155472,0.9055364656789973,0.9087633392276826,0.9119998625323061,0.9142254715729784,0.9162560218989431,0.9181278331220168,0.9198982369242868,0.9215100190668393,0.9230026018593802
sdg5_edat,0.7527748060119279,0.7528521103750695,0.7530060140174083,0.753122653145536,0.753234116646697,0.7533481679613455,0.7534565260863196,0.7535824813430034,0.75370377853541,0.7538323216055761,0.7539681105535063,0.7540935482474909,0.7542272669446293,0.7543490816997338,0.7544750369564159,0.7546154839686184,0.7547548958554272,0.7548824038002011,0.7550207805616157,0.7551519114452692,0.7552954638336561,0.7554286649680984,0.7555634187906326,0.7557017955520481,0.7558386196253691,0.7559832071391497,0.7561252068394453,0.7562682416651344,0.7564071359892456,0.7565506883776323,0.7566957934541095,0.7568377931544049,0.7569885914205519,0.757140424812093,0.7572870825766627,0.7574368457174154,0.7575979952375052,0.7577399949378009,0.7578913107666437,0.7580338280296366,0.7581872141092695,0.7583354245619307,0.7584784593876199,0.7586287400910683,0.7587816086080047,0.7589422405653994,0.7591018373973978,0.7592640220428828,0.7594189608106079,0.7595744171410287,0.7597355666611197,0.759891540554239,0.760055795450512,0.7602091815301462,0.760374471551815,0.7605402791361792,0.7607024637816655,0.7608579201120871,0.76102217500836,0.761183324528451,0.7613460267366338,0.761503553317844,0.7616724662783936,0.761835168486575,0.7619958004439691,0.7621595377775457,0.7623243102365164,0.7624983988240366,0.7626611010322187,0.7628341544943462,0.7630009972041053,0.7631631818495912,0.7633320948101403,0.7634947970183213,0.7636740612328137,0.7638409039425744,0.7640046412761508,0.7641730366740022,0.7643414320718531,0.764516555784768
sdg5_lfpr,0.8227724034183508,0.8230857971491522,0.8234647023544871,0.8238108518225666,0.8241748680564192,0.8245388842902707,0.8249088561127172,0.825304139186687,0.825702400054954,0.8261051276146616,0.8264959439971855,0.8269239828084181,0.8273192658823867,0.8277324157221361,0.828167899019108,0.8285899822417454,0.8290001542872001,0.8294237264069878,0.8298413429381799,0.8302678928522634,0.8306914649720497,0.8311343927547645,0.8315832761260746,0.8320366261888257,0.8324825317658371,0.8329329040342957,0.8333907207884949,0.833835137468355,0.8342944431197016,0.8347388597995681,0.8352026321423589,0.8356530044108132,0.8360989099878263,0.8365805490963982,0.8370606993078211,0.8375214938563177,0.8379837773019585,0.8384296828789702,0.8388934552217635,0.8393631831531471,0.8398254665987895,0.840307105707362,0.8407559890786704,0.84123911708439,0.8417162895015169,0.8421964397129377,0.8427063678673294,0.8431865180787533,0.8436800683645099,0.8441483073987468,0.8446284576101704,0.8451130745130381,0.8456096025930936,0.8460882639073676,0.846593725370311,0.8470768533760322,0.8475644480731972,0.848057998358954,0.8485411263646738,0.8490287210618391,0.849535671421933,0.8500545329592111,0.8505704167021932,0.8510699225765467,0.8515753840394915,0.852064467633804,0.8525714179938958,0.8530962351197697,0.853595740994121,0.8540922690741762,0.8546007083314151,0.8551270143544374,0.8556339647145305,0.8561438928689202,0.8566538210233088,0.857168215869144,0.857681121817831,0.8582029611494075,0.8587143782009433,0.8592332397382225
sdg5_parl,0.6102307692307759,0.6106825588468093,0.6111162409311479,0.6114805108106115,0.6118417627681334,0.6122301760232025,0.6127181807026534,0.6131247014894264,0.6135161326664554,0.6139558505946859,0.6144016043668273,0.6148624477487126,0.6152780223013472,0.6157750807466407,0.6162389420504862,0.6167209108860263,0.6172360768630335,0.6177361532302778,0.618233211675581,0.6187061267452689,0.6192152568783749,0.619724387011471,0.6202395529884783,0.6207939519508348,0.6213332613034477,0.6218574810462971,0.6223635932574525,0.6228998846881046,0.6234663553382739,0.6240207543006302,0.6246445654678623,0.6252472511814297,0.6258167397535496,0.6263832104037085,0.6269164839124202,0.6275010620942831,0.6280796044322553,0.6287034155994773,0.6292698862496465,0.629821267290052,0.6304058454719256,0.6310145670293938,0.6315870735234647,0.632186741315081,0.6327351044335464,0.6333227005373598,0.6338680457338747,0.634485821057195,0.635133775600033,0.6358209631282191,0.6364538280613039,0.6371530872772926,0.6377376654591663,0.6384127812995497,0.6391150584375003,0.6397267979169189,0.6403445732402504,0.6409714023294225,0.6416706615454226,0.6422824010248414,0.6429514810213344,0.6435541667349011,0.6442292825752957,0.6449375955571364,0.6455614067243692,0.646230486720851,0.6468995667173443,0.6475505391821218,0.6482286729444673,0.6489068067068008,0.6496211555325544,0.6502479846217265,0.6508959391645651,0.6515710550049478,0.6522582425331455,0.6529182687637748,0.6535239723993039,0.6541779627860319,0.6548621323922789,0.6555010331692532
sdg5_paygap,0.9137142060725406,0.9147403985781233,0.9165157540461357,0.9182106209314075,0.9200788478410459,0.9218975433151503,0.9236728987831638,0.9254049142450865,0.9271307382775708,0.9289184766044685,0.9307124063608059,0.932450613252169,0.9341578629963265,0.9359332184643407,0.9377952539445364,0.9396139494186423,0.9414264534633064,0.9432018089313201,0.9450452701231917,0.9468391998795296,0.9486331296358698,0.9504332508216493,0.9523076691607285,0.9540087274754443,0.955734551507926,0.9575718212703554,0.9595143453332923,0.9613516150957231,0.9632198420053598,0.964973032289114,0.96666270140771,0.9681590146197682,0.9695340764531246,0.9708986308198535,0.9720603723739555,0.973262332729782,0.9743605357138319,0.9752940701896088,0.9761977921275666,0.9770223002598892,0.9778131630601332,0.9785693468936506,0.9792674146198832,0.9799379979667477,0.9806373748003518,0.9812603792274216,0.9818762920579306,0.9824979789146825,0.9830215140743777,0.9836089050373346,0.9841681876823976,0.9846753921585255,0.9851771554579175,0.985582636055024,0.9859733515578301,0.9864530716545933,0.9868992730103158,0.9872738038904297,0.9876775187604291,0.9880934212377387,0.9884341804715965,0.9888090600943757,0.9891164615084997,0.9894471158184995,0.9897894211717851,0.9901147693590319,0.990421764376849,0.9907196048613536,0.9910122068509092,0.9913088132860604,0.991565177872977,0.9917935458726086,0.9920700885209203,0.9923217352837503,0.9925385764888133,0.9927614530882795,0.992985826616477,0.9932422145267683,0.9934552624309686,0.9936896757991669
sdg6_safesan,0.9551772659224288,0.9555939632302038,0.9559381795037828,0.9562780469153167,0.9566338601543637,0.9570041696002589,0.9573483858738349,0.9577215945610971,0.958103500972464,0.9584970043493013,0.9588731122779325,0.9592477705858754,0.9596601190316101,0.960075366718709,0.9604761181989712,0.9608812185412858,0.9612993654697525,0.9617073650534349,0.9621124653957439,0.9625291627035306,0.9629690539422633,0.9634045963189405,0.9638415883163045,0.9642814795550343,0.9647344173799253,0.9651714093772852,0.9656098509953337,0.9660584399581729,0.9665229747485319,0.9669846102975267,0.9674360985017291,0.9679122302575638,0.9683666177031385,0.9688369509762352,0.9693072842493342,0.9697747182810627,0.9702522996575824,0.9707124855858901,0.9711900669624103,0.9716618498561937,0.9721321831292907,0.972601066781706,0.9730829970202751,0.9735649272588462,0.9740352605319453,0.9745128419084638,0.9749831751815621,0.9754752527649213,0.9759557333828097,0.9764333147593269,0.97692249310132,0.9774145706846816,0.9779080978887223,0.9783943769893485,0.9788893538140753,0.9793930283629085,0.9798677104980603,0.9803887804951034,0.9809011527680409,0.9814236723857686,0.9819215484518647,0.9824252230006987,0.9829419441356883,0.9834340217190485,0.9838998441275639,0.9843326045262647,0.9847409721961565,0.985120134676709,0.9854679494038673,0.9858241777979402,0.9861412646682761,0.986438518973453,0.9867519662031327,0.9870712465280768,0.9873661595197812,0.98765157094536,0.9879433395592977,0.9882035057752772,0.9884715510693718,0.9887221610069274
sdg6_safewat,0.9694018620443366,0.9696583593813082,0.9699808968234739,0.9702976916478008,0.9706216647444315,0.970962865694606,0.971325601461688,0.9716639311029296,0.9720237955610905,0.9723908382915623,0.9727277322783483,0.9731033889355823,0.9734618177392825,0.9738058899983696,0.9741973388546856,0.9745557676583855,0.974937166933466,0.9753013383550098,0.9756712523944041,0.9760526516694887,0.9764196943999556,0.9767881727848834,0.9771422946251981,0.9775236939002877,0.9778964792485998,0.9782721359058355,0.9786477925630699,0.9790349344559995,0.9794134624221592,0.979802039969546,0.9801748253178585,0.9805361254304817,0.9809390595224867,0.9813405579600222,0.9817305711618707,0.9821062278191053,0.9824804488218839,0.9828891255317301,0.9832690891523475,0.9836504884274282,0.9840433729382,0.984469277501583,0.9849081029551123,0.9853397501363343,0.985782882553248,0.9862446784781626,0.9867007317852284,0.98712849674963,0.9875231418564427,0.9879089484667035,0.988264548758221,0.9886059970476995,0.9889194934035106,0.989240405756252,0.989558524667694,0.9898481029562505,0.9901373722299773,0.9904258792636523,0.9907175830720233,0.9909760008472254,0.991246714646666,0.9914932589603939,0.9917272848917086,0.9919751782032468,0.9922097294756471,0.992428706806691,0.992649464983714,0.9928609199354287,0.9930693503199489,0.9932460550905654,0.993431282205188,0.9936007862206349,0.9937806345501814,0.993953806381148,0.9940974845495583,0.9942550443310132,0.994392822732558,0.9945340814248059,0.9946827251222394,0.9948030160295765
sdg6_scarcew,0.9024702728339501,0.9025577454551639,0.9026497744419919,0.9027421539184721,0.9028334819259739,0.9029230574851685,0.9030203438169008,0.9031158777003355,0.9032128135424096,0.9033086979155062,0.9034056337575819,0.9035060744962677,0.9036079171935938,0.9037111618495677,0.9038123035675752,0.9039144967545683,0.9040173909208797,0.9041272948804135,0.9042273851294337,0.9043278258681207,0.9044338744413832,0.904543427911256,0.9046466725672283,0.9047520201611692,0.9048608726517144,0.9049721785698918,0.9050883913433232,0.9051982953028538,0.9053103022003538,0.9054219586081864,0.9055329140367034,0.9056424675065737,0.9057520209764464,0.9058615744463179,0.9059777872197485,0.9060894436275826,0.9062035534630465,0.9063201167261375,0.9064338760719424,0.9065500888453715,0.9066684045567696,0.9067867202681608,0.9069036340209142,0.9070187953253609,0.9071448218093,0.9072659414379828,0.9073853086183632,0.9075081806953471,0.9076300013033549,0.9077535743596657,0.907873642519366,0.9079919582307627,0.9081120263904607,0.9082296411225348,0.9083518122202018,0.9084694269522766,0.9085894951119781,0.9087123671889658,0.9088373422039182,0.9089633686878554,0.9090848388062006,0.909206659414208,0.9093267275739083,0.9094485481819142,0.9095728222175438,0.9096942923358899,0.9098178653921999,0.9099407374691902,0.9100650115048213,0.9101871826024901,0.9103128585967623,0.9104360811634126,0.9105586027507413,0.9106804233587471,0.9108068003323454,0.9109335277956014,0.9110581523208965,0.9111848797841561,0.9113119577370777,0.9114369327520316
sdg7_co2twh,0.9900917447458853,0.9901278431621459,0.9901658194626886,0.9902084904739844,0.9902457156208201,0.9902872599015308,0.990325987355805,0.990367156059659,0.9904064468792106,0.9904508079863801,0.9904936667861043,0.9905385912585609,0.9905816378467175,0.9906256233770183,0.9906686699651731,0.9907169746293645,0.9907654670819861,0.9908130205924591,0.9908605741029299,0.9909073764596791,0.9909571834313096,0.991003234634346,0.991050412567956,0.9910992805974386,0.9911477730500559,0.9911987067522655,0.9912487015123271,0.9912986962723864,0.991349066609307,0.9914003758883738,0.9914511218021501,0.9915014921390739,0.9915528014181421,0.9916056130046506,0.991658612379586,0.9917116117545264,0.9917679913211986,0.9918223052151462,0.9918754923785147,0.9919296184840297,0.9919833690126881,0.9920373073297715,0.9920912456468605,0.9921463106945292,0.9922019391074797,0.9922549384824195,0.9923086890110744,0.9923635662703102,0.9924191946832687,0.9924763254036614,0.9925315782397571,0.9925900234791601,0.9926477175648465,0.9927014680935028,0.9927570965064565,0.9928132882847022,0.9928700434282359,0.9929290520329318,0.992985807176464,0.9930442524158664,0.993101383136263,0.9931585138566548,0.9932150812117623,0.993270709624716,0.9933276525566802,0.9933840321233564,0.9934413506321778,0.993499608083154,0.993558992264706,0.9936183764462567,0.9936764461088017,0.9937335768291962,0.9937929610107482,0.9938493405774235,0.9939087247589796,0.9939666066330898,0.9940261786030714,0.9940853749961954,0.9941411911975802,0.9942022654750047
sdg7_ren,0.3794089734371368,0.38242951473142617,0.3855453295665829,0.3885794813667097,0.391668075190192,0.39487916356622815,0.3982399675064921,0.40146466638836714,0.4047574177994398,0.40807739022218653,0.411533467703329,0.41490788214943314,0.4183639596305749,0.421738374076681,0.4253305566162113,0.42894996016742376,0.43241964815440287,0.43584850462386576,0.4394134661517182,0.4431009222321266,0.4465569997132688,0.45016279275863735,0.4537277542864946,0.45725188429682906,0.4608712878480412,0.4644634703875716,0.46801482140958817,0.4717158879958363,0.47528084952368754,0.4792677367325594,0.48303685584799855,0.4868876379984776,0.490738420148956,0.49458920229943076,0.49854886849662366,0.5022499350828677,0.5061279382450252,0.5100059414071778,0.5137886710284614,0.517680284696458,0.5215855088702886,0.5253954595032501,0.5294095677237963,0.5333284024034708,0.5372880686006593,0.5411252402452986,0.5450576854308128,0.5490581831455197,0.5532356174361388,0.5572769466683617,0.561223002359715,0.5651418370393906,0.5689790086840253,0.5730611694337706,0.577252214230228,0.5814432590266848,0.5855254197764257,0.589580359514492,0.5937305727934346,0.5978807860723703,0.6020173888454725,0.606153991618573,0.610276983885834,0.6144408076706096,0.6184685263970002,0.622686792205136,0.626959500036625,0.6312185973622806,0.6353688106412196,0.6394101398734445,0.6434923006231894,0.6477650084546819,0.6520377162861742,0.6562559820943066,0.6605695214433172,0.664678903204741,0.6689107795187139,0.6731834873502061,0.6773745321466657,0.6816472399781567
sdg8_empop,0.7150306784187705,0.7147835475494717,0.7146346778290612,0.71448686468015,0.7143459192459445,0.7142007475257706,0.7140561040913335,0.7139119889426536,0.7137747415086768,0.713635909217456,0.7134933789260134,0.7133466223485976,0.7131982809139337,0.7130531091937578,0.7129116354738106,0.712777029468562,0.7126593286072173,0.7125358166026581,0.7124170591698128,0.7123041128801898,0.7121916948763094,0.7120729374434677,0.7119584062966019,0.7118481014357086,0.7117340985745894,0.7116200957134722,0.71150926256683,0.7113857505622687,0.7112823134160864,0.7111725368409382,0.7110601188370594,0.7109477008331822,0.7108458485442344,0.7107371285405834,0.7106273519654394,0.7105175753902907,0.7104157231013473,0.7103186253841254,0.7102151882379372,0.7101154490919823,0.7100162382317723,0.7099075182281168,0.709805137653429,0.7096990590785098,0.7095940370750835,0.7094890150716603,0.7093903324971964,0.7092773862075678,0.7091681379181716,0.7090678704864661,0.7089644333402816,0.7088652224800713,0.7087517479046985,0.7086366884720842,0.708535892754634,0.7084361536086767,0.7083205658903149,0.7082144873153988,0.7081047107402522,0.7079917644506254,0.7078978364478825,0.7077859467297498,0.7076803964405779,0.7075806572946215,0.7074761635769428,0.7073685001447833,0.707270345856067,0.7071647955668949,0.7070571321347365,0.7069484121310844,0.7068418052704187,0.7067341418382602,0.7066312329778222,0.7065288524031311,0.7064196041137318,0.706300318395146,0.7061968812489589,0.7060892178168012,0.7059852523848695,0.7058786455242047
sdg8_gdpgrowth,0.4316677763853598,0.42916286327792064,0.4269679634453097,0.4243670938480378,0.4220614749887019,0.41977061866626425,0.4173616620486502,0.4151150933369034,0.4128242370144651,0.41072529367168775,0.40854515637597666,0.406232156248194,0.40397082499954945,0.40170949375090714,0.399514593918298,0.3972754064750008,0.3949919314210099,0.3928708442728886,0.3906907069771764,0.388702482661127,0.38661092058679686,0.3844086394857419,0.3821399269686479,0.38007050869966547,0.37786822759860855,0.37578404679272853,0.3736998659868472,0.37133519697992545,0.3693026850531838,0.3673808921531699,0.3652967113472893,0.3631977680045116,0.36131288144673973,0.3591548879563741,0.3571076134927359,0.3551193891766856,0.3531680712028773,0.35107650912854826,0.3490070908595638,0.3469967227381686,0.3449125419322875,0.3428726487370975,0.34098038091087735,0.3390069191317237,0.33690797578894605,0.33483117625151415,0.3327174703718393,0.3306259082975104,0.3284679148071445,0.3263689714643675,0.324277409390038,0.32226704126864253,0.3201680979258647,0.3182167799520563,0.31616950548841827,0.31412961229322806,0.31213400670872904,0.31021959507716346,0.3083347085193912,0.3064793470354135,0.30460922301453797,0.30258409235624584,0.3005589616979523,0.29843787454982945,0.29653084418671216,0.29441713830703753,0.2923920076487444,0.29037425825890034,0.28850413423802496,0.28661186641180486,0.28455721067971795,0.2826427990481523,0.28075053122193167,0.2787475443689847,0.27675932005293363,0.27474157066308913,0.2727385838101419,0.2709275099368548,0.2690204795737375,0.2671946431635532
sdg8_impacc,0.9291081066328232,0.9294079865168342,0.9296143661783949,0.9298166359400688,0.9300384277262109,0.9302776865868815,0.9305087256477744,0.9307428471335852,0.9309903257940337,0.9312275297047611,0.9314760358401816,0.9317296793504614,0.9319833228607423,0.9322369663710233,0.9324947197811884,0.9327380885417459,0.933013309026441,0.9332741448615249,0.9335421730214143,0.9338173935061093,0.9340854216659998,0.93435755972578,0.9346307252605315,0.9349069732201996,0.9351852761298114,0.9354676889393122,0.9357429094240072,0.9360345695082536,0.9363128724178653,0.9365901478525047,0.9368848903616708,0.9371724405460303,0.9374641006302799,0.9377691178891657,0.938056668073527,0.9383627128073866,0.9386554003666085,0.9389429505509707,0.9392459128599127,0.939554012543717,0.9398425902030512,0.9401352777622694,0.94044748734596,0.9407463397550141,0.9410513570139011,0.9413656215475376,0.9416778311312292,0.9419869582900051,0.9423012228236426,0.9426041851325857,0.9429071474415293,0.9432327141998588,0.9435521161083561,0.9438735729667985,0.9441940023502648,0.9445195691085938,0.944845135866924,0.9451727575751985,0.9455044891833599,0.9458208086669408,0.9461484303752151,0.946479134508406,0.9468026463167925,0.9471261581251781,0.9474517248835089,0.9477793465917825,0.9481069683000571,0.9484284251584995,0.9487560468667707,0.949092915849793,0.949419510083094,0.9497635713909218,0.9500870831993077,0.9504188148074699,0.9507649310652422,0.9511079648980992,0.9514386690312903,0.9517693731644822,0.9520969948727561,0.9524307814308637
sdg8_yneet,0.7601957170862761,0.7583973524492595,0.7566976517496237,0.7550675961822597,0.7534839707030642,0.7518945414628511,0.7503515423108106,0.7488607770079716,0.7472597402457093,0.7457283486157154,0.7442143682687875,0.742653957833681,0.741151585008799,0.7396550159449358,0.7382280920133418,0.7367663455156102,0.7353916554332154,0.7339531239795737,0.7326190602243293,0.7312269588588657,0.7298580725374916,0.7284659711720287,0.7271261036557624,0.7258210587056317,0.7245450325606092,0.7233154365037663,0.7219639614654552,0.7206066826661259,0.7192610113888378,0.7179385551556405,0.716685744054707,0.7154097179096848,0.7141104767205757,0.7129563295570189,0.7118312011985736,0.7106886615570585,0.7095287106324819,0.7084616198842548,0.707371314091941,0.7062635970165617,0.7052777589226469,0.704297724589752,0.7033292977789024,0.7024247123392973,0.7015317344217349,0.7005691113719087,0.6996529184102573,0.6988005668198519,0.6977799061598026,0.6967998718269098,0.6958720713432142,0.6949094482933879,0.6939932553317373,0.6930886698921315,0.6922189070186583,0.6912794990129194,0.6903691098122905,0.6894122905234858,0.6885599389330802,0.6876727647765404,0.6866869266826241,0.6859390427906145,0.6850808874391863,0.6842169283267348,0.6834284181075714,0.6825238326679657,0.6816946961216475,0.6808481482922623,0.6799899929408325,0.6791202300673599,0.6781982333446869,0.6774213306475685,0.6767256806047582,0.6760242268009263,0.6752183052986959,0.6743833649913561,0.6736644999044565,0.6728295595971164,0.6720236380948875,0.6712931654859443
sdg9_articles,0.78189353325473,0.7860228152799271,0.7898469793173806,0.7936275550708759,0.7974371896803415,0.8015519422775554,0.805463282882938,0.8095635060521635,0.813620140937426,0.8177784818186034,0.8222128818315535,0.8266327524165141,0.8310962112854414,0.8351819050266797,0.8394419519037724,0.84374558706483,0.8477150453821658,0.8517280919834638,0.8555522560209198,0.8594490671983196,0.8634330549436415,0.8673443955490245,0.8712847950103831,0.8750944296198508,0.8790929467931615,0.8830624051104958,0.8868284514359986,0.8906235566174797,0.8945203677948742,0.898359061260317,0.9023575784336273,0.9063415661789505,0.9102383773563457,0.9145129536614272,0.9175102934818813,0.9201131753613638,0.9223539154679911,0.9243081508452518,0.926246397307546,0.9280626031181777,0.9296909384559928,0.9311551111713372,0.9326593748477724,0.934172433655517,0.9356278753429691,0.9368998564032901,0.9381418306200252,0.939380602141457,0.9405489634967557,0.9416537497385953,0.9427757320442943,0.9440150682608031,0.9450108128623961,0.946000152073383,0.9470599369167868,0.9481591416273558,0.9490629410843497,0.9498626911742584,0.9507164792242844,0.9516226861543808,0.9524505116463707,0.953232646913599,0.9541376289594278,0.9548584260870041,0.9558958807297389,0.9566164077912943,0.9573177718812008,0.958229901341155,0.9590199901479596,0.9597313742519564,0.960543339035814,0.9612183641043015,0.9619960185947644,0.9628567057993924,0.9635737641737229,0.9641721155491182,0.9648499845819218,0.9656255903302707,0.9662354321084945,0.9667927199736398
sdg9_intuse,0.977905186784767,0.9846931217088014,0.9918044243731629,0.9937385084709413,0.9947490438105355,0.9955040326531734,0.9961443217158957,0.9967583737613624,0.997117032444617,0.9974534407003941,0.9976667177076344,0.9978694020020872,0.9978858990858808,0.9981098389269811,0.9982622779486119,0.9983427560023485,0.9983216627643261,0.9983946209685363,0.9985459750292071,0.9986272157821392,0.998654452391197,0.9986852199045172,0.9987325590856123,0.99884080637339,0.998872031927712,0.9989211310443187,0.9990445714139576,0.999062832896171,0.9990925220188623,0.9990899883509159,0.999129873340649,0.9991670056214631,0.9991415355182477,0.9991577258364251,0.9991844232501687,0.9992602899015915,0.9993038636413036,0.9992919734969153,0.9993264142640664,0.9993329324143685,0.9993250312152444,0.9993778035856818,0.999416930339128,0.999435496479535,0.9994630377467865,0.9994845955961418,0.9995105237403586,0.9994995541408822,0.9994666453424529,0.9995065347950944,0.999494567959302,0.99954044082984,0.9995055375587785,0.9994981755549684,0.9994855928324577,0.9995251009355016,0.9995179624355724,0.9995728871243588,0.9995984995771425,0.9996210546628137,0.9996196760769,0.9996474408480325,0.9996610208068593,0.9996510484436989,0.9996795869472663,0.9996518878342985,0.999641915471138,0.9996040204911285,0.9996614788478612,0.999655495429965,0.9997109593140655,0.9997029814235371,0.9996960007693249,0.9996850311698484,0.9997159454956457,0.9997378846945985,0.999725917858806,0.9997249206224899,0.9997059731324851,0.9997296722669495
sdg9_mobuse,0.536799907627513,0.5435155555045292,0.549188526295863,0.5553336527486434,0.5614591060488654,0.5678009640272339,0.574044456242814,0.5801699095430295,0.5865117675214039,0.5928929718049019,0.5994118881563139,0.6057930924398095,0.6123120087912255,0.6186932130747183,0.6252121294261339,0.6319867967608227,0.6383680010443199,0.6448672442431755,0.6516025652727438,0.6582788668446371,0.6652109193998099,0.6720642793447393,0.6791340439678291,0.6859283844550823,0.6928604370102516,0.699792489565423,0.7065671569001156,0.7134992094552862,0.7206083203834933,0.7275797192437873,0.7348068690873544,0.7419946726258021,0.7488677057232914,0.7561735481771011,0.7633810248681085,0.770411443186077,0.7777566319450073,0.784885416025777,0.7919158343437442,0.7990839647296366,0.8062717682680836,0.8134595718065288,0.8208244337180222,0.8279925641039082,0.8352787334051545,0.8427222879268804,0.8497920525499728,0.857255280224258,0.8646398152883034,0.8718866382844337,0.878976076060084,0.8848484092644373,0.8892149455745988,0.8929583741380184,0.8962098815333632,0.8993925045324872,0.9023883322036644,0.9052800278631307,0.9077356293404408,0.9103150401841672,0.9126177515150387,0.9148642709029912,0.9169982260276753,0.9187901736659438,0.9205997850079494,0.9221943320047026,0.9238705124469208,0.9255573149669466,0.9269936272498759,0.9286296789505937,0.9302627730518441,0.931515803401744,0.9327846662829119,0.9340852612835785,0.9354866888069484,0.9367703080851094,0.9380329474062855,0.9390555214265054,0.9403143536548705,0.9413528440275625
sdg9_netacc,0.8521240457262095,0.8602407797610765,0.8675598702297758,0.8744801389154016,0.8811760703480527,0.8882209708408939,0.8956646931168135,0.9028840781397507,0.9102530213313428,0.9177465963301511,0.9251903186060695,0.9326340408819923,0.940088039580246,0.9453888755983665,0.9502560340188255,0.9544891688780286,0.9579589450239784,0.9609851549015354,0.9639269711741346,0.9664744355026315,0.9685940095829839,0.9703532713122935,0.9721290670455349,0.9737804162792586,0.975086579695056,0.9764358187780969,0.9777111164038216,0.9787655579582322,0.9797960275311147,0.9808326561177176,0.9816482433253101,0.9823212090528262,0.9829008961314971,0.9835934668337462,0.9841595911984993,0.9847449017244791,0.985178010527148,0.9857789692319348,0.9864315951898925,0.9870671772522626,0.9876245932781854,0.9879353292921875,0.9884182908177405,0.988780905067365,0.9892651487081906,0.9897824689595212,0.9900984438847221,0.9904419287738716,0.9907607925135777,0.9910922046351343,0.9914611289287772,0.9917650310863869,0.9920658708758336,0.9924229559076945,0.9927473831425586,0.9929998258780505,0.9932669024602832,0.9935707478171386,0.9938542191270404,0.9940075487839268,0.9943573437170958,0.99471957343061,0.9949837418263783,0.9951418347802053,0.9953013234508102,0.995441776990489,0.9956605507483146,0.9957891993036048,0.9958981261312568,0.9960077052782248,0.9962308203680863,0.9963917421842665,0.9965775335611341,0.9966471679638087,0.9967334842493193,0.9969121965099473,0.9971110150343238,0.9972501296579759,0.9973720268323825,0.9974923741083125
sdg9_patents,0.38151483220902754,0.38088802819534007,0.38030955069509337,0.37966548721232035,0.3790179718357393,0.3783428413086232,0.3777609119145515,0.3771582711575892,0.3765694379758833,0.3759529896436527,0.3752985704794337,0.3746821221471991,0.3741278079036666,0.37353897472196274,0.3729639491155314,0.3724303462348948,0.3718346092655607,0.3712526798714942,0.37072943267230823,0.37019582979167454,0.36961735229142273,0.3690768456231544,0.3685432427425212,0.3680027360742522,0.3674518737245354,0.36693553031298365,0.3664329944766977,0.36589593970224793,0.36540030765359477,0.36488396424204494,0.3643848802995758,0.3639099596138242,0.3633832605208237,0.3629186955165207,0.36239890021115495,0.3619205276315849,0.3614421550520166,0.36097759004771546,0.3605026693619633,0.3599966816318634,0.3595321166275591,0.35907790730470895,0.3586202460880406,0.3581798443404549,0.3577083755485214,0.35723000296895113,0.35676888985846733,0.3563181324294322,0.3558811825756634,0.3554200694651794,0.35500383097430904,0.3545289102885583,0.35410576801005705,0.3536860776253702,0.35326638724068715,0.3528743120065331,0.3524994962414654,0.352117776688763,0.3517015381978931,0.3513508856895434,0.35097606992447267,0.3506357730975713,0.3503299952088352,0.35005183247063143,0.3497495064757143,0.3494506323746101,0.34913449880442565,0.3488459803847721,0.3485263949207692,0.3482516840763847,0.3479700694443639,0.3476953585999795,0.34742064775559256,0.3471735520617393,0.3469161006864364,0.34665864931113355,0.34637703467911546,0.3460988719409116,0.345855228140876,0.345625391916106
sdg9_rdex,0.6053612709881138,0.6063206598350928,0.6088655822699429,0.6106768996118941,0.6123383406445434,0.6139524523163604,0.615684887390259,0.6174567635981835,0.6192601927133298,0.6209374101995913,0.6227171746343213,0.6245284919762725,0.6264423562666948,0.6281826795673975,0.6300571027237918,0.6319946316946292,0.6338453901706071,0.6356409310589483,0.6376021247102017,0.6395396536810393,0.6414929591054879,0.6434620409835465,0.6454626757688259,0.6475343045953544,0.6495428276074399,0.6515513506195251,0.6536387558996637,0.6556788318189707,0.6576794666042506,0.659782648338,0.6619489358861924,0.663918017764251,0.6660290877248053,0.6682190399534148,0.6703143334603588,0.6723070800188332,0.6746469085567425,0.6766869844760497,0.6788374955706314,0.6809801184384079,0.6831464059866006,0.6853836875760412,0.6875894162582609,0.6898345860745062,0.6920166500763087,0.6942144905317225,0.696577983750049,0.6990282474632342,0.7013286348671179,0.7036763516318337,0.7059294096748847,0.7082219088519619,0.710593290297094,0.7127990189793125,0.7150599652491695,0.7173603526530534,0.7196055224692994,0.7218270276051291,0.7240721974213749,0.7263015907840101,0.7286256428683093,0.7309339184989988,0.7333131881709355,0.7355662462139866,0.7379455158859228,0.7402616797434174,0.7426172847349383,0.7449650014996538,0.7472101713159001,0.7495342234001997,0.7518109461236676,0.7540166748058871,0.7563407268901863,0.7587199965621229,0.7612018131825289,0.7636678533493246,0.7658420291243228,0.7681424165282067,0.7704270274784799,0.7727510795627788
sdg9_rdres,0.7981172977937944,0.8030125432491533,0.8081036960167881,0.8131132207376469,0.8180574430210786,0.8227404555547992,0.8279295619785781,0.8330207147462219,0.8381771699512804,0.8434152532031294,0.8488492437672588,0.8539403965348995,0.859292759052237,0.8646614471789398,0.8698832048214317,0.8752029161200594,0.8806042554654744,0.886119874076384,0.8917497719527855,0.8972164137356262,0.9028789628307456,0.9084925350977902,0.9142040610209797,0.9199155869441703,0.925594461648639,0.931305987571828,0.9365651577420278,0.9402870475055272,0.9432786863277227,0.9458538219951886,0.9482093346227667,0.9503788647626557,0.9524151790040939,0.9540689837227154,0.955841114588444,0.9574846800901522,0.9590680567443164,0.9606573204032547,0.9620259334623221,0.9633903710795579,0.9647419197688898,0.9658913140532226,0.9670429125815411,0.9682505405856006,0.9692542222715795,0.9703727105586136,0.971420355935824,0.9724635782734493,0.9734035701503194,0.9745606288008972,0.9754107904104437,0.9764000067131348,0.9772172373661613,0.9779162930496674,0.9786400397778059,0.979256613649496,0.9800579295056544,0.9806636861003294,0.98122848880271,0.9818459003694051,0.9824101757362251,0.9829393013509281,0.9834286909591908,0.9837791730190194,0.9842668334758955,0.9847816890621024,0.98527651868972,0.9858950316192007,0.9863612423581044,0.9868849118834245,0.9873074065288487,0.9877159108835845,0.9880330351043766,0.9885287184970271,0.9888536180558417,0.9891948432240125,0.989570279996254,0.9899818207386889,0.9903745212683353,0.9907355247973428
sdg9_womensci,0.6341030221256573,0.6348772534108253,0.635418693815953,0.6359576577223505,0.6365733930891938,0.6371668399675205,0.6377726693394661,0.6383958342024793,0.6389917575795281,0.6395703454655113,0.6401811278349056,0.6407745747132311,0.6413704980902812,0.6419688979660558,0.6425722508392764,0.6432177041908047,0.6438111510691317,0.6444367924308682,0.6450054743219549,0.6456385451798639,0.6462988575237356,0.6468848749058904,0.647515469265074,0.648116345639573,0.6486998865230023,0.6493131453911198,0.6499511692464777,0.6505322336311834,0.6511529219954725,0.6517488453725229,0.6523274332585054,0.6529357391291756,0.6535688099870834,0.6541325388807236,0.6547111267667062,0.6553441976246153,0.6560045099684856,0.6566053863429844,0.6572013097200347,0.6578319040792185,0.6584798339294698,0.6590633748129016,0.659622150709092,0.6602106445899725,0.6608536214427755,0.6614544978172735,0.6620652801866675,0.6627231160318146,0.6633413278973795,0.6639843047501838,0.6646693820812939,0.6653272179264417,0.6659058058124244,0.6665685946550196,0.6671991890142035,0.6678545483606273,0.6685272431981175,0.6691528845598558,0.669768619926696,0.6703967377871571,0.6710075201565507,0.6716579265055262,0.672271185373644,0.6728770147455886,0.6735150386009459,0.6741530624563021,0.6748158512988974,0.6754117746759467,0.6760497985313034,0.6767076343764511,0.6773184167458434,0.6779638700973727,0.6786068469501763,0.6792300118131894,0.6798655591698216,0.6804614825468716,0.6810821709111609,0.6817053357741736,0.6823285006371878,0.6829665244925425
sdg10_adjgini,0.8111399686923912,0.8101042514713612,0.8091106417141277,0.8080655672788994,0.8070064570224097,0.8059520253730081,0.8049256653661392,0.8039273770018152,0.8028869811736847,0.8019261216660895,0.8009699407655826,0.7999810096154427,0.7990435431432996,0.7979984687080741,0.7971265027351906,0.7961750004417737,0.795204783719997,0.7942345669982194,0.7933579224182487,0.7924906350524588,0.791660776543387,0.790676524000339,0.789762450563645,0.7888436985198618,0.787887517619353,0.7869079436833946,0.7860172632821504,0.7850797968100057,0.7842499383009401,0.7833265076500653,0.782520042176451,0.7816621120248418,0.7808930754079471,0.7800117522208864,0.7790836429629224,0.7783052491318485,0.777503462265324,0.7765940674357208,0.7757314586770204,0.7748922429537707,0.7740810988730651,0.7732138115072748,0.7722763450351288,0.7714137362764287,0.7705885563744512,0.7697212690086611,0.7689148035350466,0.7680054087054429,0.7671474785538331,0.7663222986518571,0.7654690471073378,0.7645830453131863,0.763790615660841,0.762951399937593,0.7621075056072557,0.7613103973478196,0.7605086104812945,0.7597208594360416,0.7588722864986115,0.75799096331155,0.7572312839088386,0.756443532863584,0.7556838534608719,0.7548352805234427,0.7540241364427378,0.7531428132556757,0.7523410263891506,0.7515673111651683,0.7507421312631922,0.7500292379313832,0.7491947008152271,0.7484630930550561,0.7477314852948861,0.7471215213190662,0.7464086279872585,0.7456489485845456,0.7448892691818342,0.7440640892798566,0.7433605531622286,0.7425026230106196
sdg10_elder,0.9372726668955081,0.9404554699347764,0.9434237816410783,0.9464840182043726,0.9495544686406725,0.9526147052039637,0.9557362250052513,0.9589803112825211,0.9622856807977788,0.9654889115830518,0.9687329978603256,0.9720077257565858,0.9752518120338529,0.9786082509141101,0.9805136291177371,0.9819134573916519,0.9830998010355202,0.9840089347595623,0.9848838590237481,0.9856917009260858,0.9863566906724265,0.9869690692144629,0.9875088475998437,0.9881190200505486,0.9885408292471349,0.9888796417578066,0.9894016041548924,0.9898324049744489,0.9904079268416062,0.9906883114136709,0.9910193418374786,0.991283431847203,0.9916310002568174,0.9919810410428481,0.9922774766355691,0.9925887056598147,0.9928079895319334,0.9930177239012893,0.993200326055352,0.993381561445143,0.9935402416116882,0.9937559526282047,0.9939769607594642,0.9941416430012693,0.9943600875463288,0.9946226155398186,0.9947970349553895,0.9950412423849917,0.9951941310089004,0.9953481784309369,0.9955466313389508,0.9957802825628664,0.995971615187773,0.9961211059129034,0.9962561684008167,0.9964760151674699,0.9966296822330183,0.9967670218453839,0.9968624612390317,0.9969346633105366,0.9970768993860178,0.997176345177739,0.9972908455531123,0.9974098823302511,0.9974757805840898,0.9976099099686813,0.9977224325140069,0.9977519939489571,0.9978842418462441,0.9979381791063237,0.9980561711567382,0.9981408083547543,0.9982089051189635,0.9982683271647909,0.9983496197684888,0.9984099318793566,0.9984155713267878,0.9985290980085578,0.9985315094995546,0.9985881599930365
sdg10_palma,0.758069678244965,0.7572523974439112,0.7565257772231297,0.7557948398318507,0.7550595852700844,0.7543329650493061,0.7535998690727778,0.7528818831929662,0.7521811659951175,0.7514502286038406,0.750721449797811,0.7499732437245767,0.7492466235037899,0.7485092103567835,0.7477739557950219,0.747032225477523,0.7463228739386869,0.7455984123031466,0.7448998536905364,0.7441667577140176,0.7434228688112735,0.7426725041527975,0.7419394081762791,0.7412149465407349,0.7404732162232374,0.7397703404401399,0.7390523545603296,0.7383106242428287,0.7375818454368012,0.7368509080455247,0.7361307635804715,0.7353976676039514,0.7346365100192527,0.7338710352640686,0.7331465736285272,0.7324026847257848,0.7316825402607321,0.7309451271137208,0.7302292998191556,0.7295177896950799,0.728771742207095,0.7280300118895944,0.7272969159130764,0.7265595027660665,0.7258328825452783,0.7251019451540048,0.7243558976660175,0.72365302188292,0.7229285602473751,0.7221717198331675,0.7214299895156707,0.720681783442441,0.7199443702954325,0.719200481392689,0.7184609096604365,0.717742923780627,0.71701630355984,0.716281048998076,0.7155522701920435,0.7147889540221025,0.7140407479488717,0.7132990176313748,0.7125529701433889,0.7118047640701589,0.7110738266788821,0.7103364135318724,0.709583890288155,0.70884863572639,0.7080961124826728,0.7073371134832187,0.7065975417509656,0.7058817144564001,0.7051248740421935,0.7043550821165193,0.7036068760432871,0.7028673043110348,0.7021083053115827,0.7013557820678641,0.7006075759946324,0.6998615285066472
sdg11_pm25,0.9146293603099183,0.9149209945486453,0.9151830197131565,0.9154573819919091,0.91574531509634,0.9160468190264527,0.9163298172851906,0.9166202178124786,0.9169377599911059,0.917228160518387,0.9175370667170447,0.9178459729157041,0.9181524116915128,0.9184613178901717,0.9187640555317043,0.9190865325560342,0.9193991398889659,0.9197265517589956,0.9200527299176021,0.9203739732305134,0.9207001513891179,0.9210349655276971,0.9213833504919491,0.9217292680333528,0.9220727181519093,0.9224013637333695,0.9227485149861964,0.9230808617019258,0.9234317140890285,0.923785033898981,0.9241371199975104,0.9245003094988684,0.9248573304430961,0.9252131176758981,0.9255627363515749,0.9259074201815533,0.9262706096829068,0.9266473700099346,0.9270130269341407,0.9273823849926167,0.9277394059368429,0.9281124651295944,0.9284842906109221,0.9288647520722236,0.9292489146678036,0.9296244412834038,0.9299962667647295,0.9303791956488793,0.9307571896873305,0.931117911765835,0.9314848024014661,0.9318652638627666,0.9322383230555169,0.9326126159596922,0.9329844414410191,0.9333710714594456,0.9337651037464252,0.9341566686105491,0.9345544020317974,0.9349422657616467,0.9353202598000971,0.9357253954898993,0.9361342323139771,0.9365282646009506,0.9369161283307996,0.9372978235035236,0.9376832198105242,0.938079719520351,0.9384688169616311,0.938860381825756,0.9392581152470038,0.9396521475339764,0.9400560495123501,0.9404821582963748,0.9408712557376507,0.941270222870328,0.9416790596944005,0.9420940650755968,0.9424893310739964,0.9428919993409475
sdg11_rentover,0.31688641847104587,0.3168864186858575,0.3168864198636552,0.31688642074130224,0.3168864215439105,0.31688642265917566,0.31688642381195853,0.31688642473963097,0.31688642584238946,0.3168864270201857,0.31688642802289413,0.3168864292632221,0.3168864306786379,0.31688643181891546,0.31688643322182414,0.31688643454969523,0.3168864359651106,0.316886437393032,0.31688643888348544,0.3168864402363692,0.3168864415517342,0.31688644297965585,0.31688644462018406,0.31688644622319306,0.31688644787622733,0.316886449579286,0.31688645108224556,0.31688645282282313,0.31688645460091963,0.3168864563164854,0.31688645796951886,0.3168864595600222,0.3168864614631809,0.3168864633913534,0.31688646521947533,0.3168864670100777,0.3168864689382496,0.31688647066632136,0.3168864727320621,0.31688647451015917,0.316886476313268,0.31688647814139054,0.3168864801195868,0.3168864821603149,0.31688648416352444,0.3168864862917965,0.31688648840756206,0.31688649042327743,0.316886492338943,0.3168864943421527,0.316886496420399,0.3168864986112029,0.3168865006644371,0.31688650284273395,0.3168865050085246,0.3168865069617089,0.3168865090399559,0.3168865112057463,0.31688651350910624,0.3168865155748464,0.3168865178156754,0.3168865200690093,0.31688652227231906,0.31688652440059106,0.316886526628913,0.31688652886974095,0.31688653103553205,0.3168865332513475,0.31688653551718865,0.3168865377580167,0.3168865402364642,0.3168865424897986,0.3168865446180702,0.3168865468588985,0.3168865491872704,0.3168865513905801,0.3168865535938893,0.31688655602231114,0.31688655835068336,0.3168865608166246
sdg11_transport,0.6499999999999982,0.6509002168719573,0.6519379335229039,0.6530486969314403,0.6541551634718927,0.6552960049570806,0.6564110652337207,0.6575433129827226,0.6586755607317333,0.6598636677659541,0.6610088061192422,0.6621625382087187,0.6633893170557811,0.6645817209581021,0.6657999060689768,0.6669837162351084,0.6682964324440445,0.6695275081592031,0.6707714744786428,0.6720283314023631,0.6733367507432049,0.6746107951393003,0.6757946053054302,0.6770987277781809,0.6783555847018997,0.6795995510213392,0.6808263298684049,0.6821218586049651,0.6833572311882213,0.6846398693204997,0.6859654761337186,0.6872567080021863,0.6885952054196839,0.6898993278924348,0.6911518879480603,0.6924474166846234,0.6938202890468681,0.6952060520133955,0.6964886901456766,0.6977455470693972,0.6990539664102411,0.7004139481682061,0.7017567424537973,0.7031038336074816,0.7044810028378206,0.7058366877276936,0.7071923726175651,0.7085179794307827,0.7098221019035326,0.7112293492105252,0.7125721434961184,0.7139149377817081,0.7153007007482365,0.7166349012976397,0.7180077736598862,0.7193892397583194,0.7207921901972197,0.7221693594275613,0.7235336380536181,0.7249881509096434,0.7263868044804497,0.7279315515664384,0.72952786106955,0.7310983893640988,0.7327075894714913,0.7343726488640979,0.7360162239162389,0.737634017759817,0.739294780284331,0.7409899177535942,0.7427151332995119,0.7444446457135226,0.7461011113699428,0.7477919519711121,0.7494870894403756,0.7511693363053564,0.7528902549831807,0.7545939861886302,0.7563106079983603,0.7580959796975888
sdg13_co2gcp,0.9223932877518901,0.9232377166253478,0.9240036460035111,0.9248422600995442,0.9256430781422788,0.9264904144044633,0.9273319358892064,0.9282025312610962,0.9290673118555571,0.9299524441710245,0.9308230395429207,0.9317401531342463,0.9326427297819965,0.9335482138184635,0.9344914939082233,0.9354027927221248,0.9362995545924468,0.9372195755724879,0.9381541334961001,0.9390479879777082,0.9399098611834568,0.9408386043296466,0.9417993287516916,0.9427135349543015,0.9436684445989171,0.9446088172999617,0.9455404678348669,0.9464924700907676,0.9474444723466674,0.9484051967687124,0.9493630138020454,0.9503440899450941,0.9512931848122848,0.9522335575133276,0.953217541045088,0.9541695433009886,0.9551360825004659,0.9561636768629534,0.957133123451143,0.9581345513151924,0.9591185348469548,0.960111240544863,0.9611242979637776,0.9621286332165417,0.963127153691878,0.9641198593897824,0.9651154724764063,0.9661052707855972,0.9670892543173646,0.9681168486798479,0.9691299060987553,0.9701080748530878,0.9711298544381439,0.9721545414119164,0.9731675988308257,0.9741981005820217,0.9752518614429342,0.9763201592474245,0.9773477536099127,0.9780501366755829,0.9786694919333899,0.9792027237062557,0.9797001127747232,0.9802106774541665,0.9806695344578004,0.9811419302842166,0.9815973893091,0.9820277336252375,0.9824266635237094,0.9828059218086952,0.9831624067800351,0.9835169220384408,0.9838645074729135,0.9842061592220893,0.9845258310144541,0.9848646064445431,0.9851490074376537,0.9854517876270199,0.9857163500884307,0.9859914129292858
sdg13_co2import,0.9540429548062587,0.9538963095971946,0.9537458016410694,0.9535903272958619,0.9534381638767064,0.9532904150256207,0.9531492880266322,0.9529976764284841,0.9528515830404205,0.9527198369985695,0.9525847800306694,0.9524464121367158,0.9523130106318383,0.9521707799908334,0.9520379303069663,0.9518984587709972,0.9517667127291444,0.9516327594032612,0.9514949433303201,0.9513626454674566,0.9512331067096366,0.9511035679518185,0.9509674073419007,0.9508461458992015,0.9507193662464227,0.9505914829516279,0.9504751878980001,0.9503489600662293,0.9502260431605088,0.9501020226127715,0.9499807611700712,0.9498506705912434,0.9497305127905641,0.9496120104529063,0.9495001299673443,0.9493766612406145,0.9492493297668284,0.9491269646821147,0.949006255060423,0.9488822345126852,0.9487642839960373,0.9486457816583802,0.9485322457097939,0.9484203652242355,0.9483046219916201,0.948182808727912,0.9480764464524334,0.9479667732509078,0.9478477190922425,0.9477358386066809,0.9476123698799511,0.9475065594254823,0.9474035080760539,0.9472872130224268,0.9471731252528355,0.9470695220823997,0.9469581934178479,0.9468512793213595,0.9467493316139478,0.9466291738132677,0.9465239151798049,0.9464136901572671,0.9462968432826351,0.9461855146180869,0.9460791523426073,0.9459634091099883,0.9458548395504799,0.9457479254539957,0.945644322283555,0.9455385118290845,0.9454315977325988,0.9453213727100652,0.9452105958665195,0.9451069926960812,0.945013874124801,0.9449036491022667,0.9447978386477937,0.9446870618042511,0.9445779404237341,0.9444782000003533
sdg14_cleanwat,0.526199999999996,0.5248669974641103,0.5236544257219815,0.5223723746757584,0.5210578999542862,0.5198406962585563,0.5185354854443006,0.5172673302589003,0.5159806472590697,0.5147541796561239,0.5135045522851447,0.5122363970997437,0.5109960336359776,0.5097927258010639,0.5086218416413993,0.5073722142704218,0.5061411147138689,0.5049748625078087,0.5038456659305999,0.5026608859101127,0.5015316893329053,0.5003885968948764,0.49925013641045446,0.4981579954620981,0.497019534977677,0.4958903384004673,0.4947194542407994,0.49363657719965637,0.49250274866884153,0.4914291355349105,0.49028604309688195,0.48908273526196966,0.48803228189607106,0.4868984533652559,0.4857970485096854,0.48464006021083783,0.48350159972641693,0.4824372504996992,0.48130805392249004,0.4801927532061007,0.4791006122577441,0.47801310326299346,0.47687001082496566,0.4758751409023442,0.4747968958148076,0.4737557063561221,0.47270525299022353,0.4715806883666205,0.47047928351105245,0.46934545498023583,0.46822552231024056,0.4671750689443422,0.4660088167382816,0.4648935160218917,0.4638245348415679,0.4628157690581279,0.4617236281097708,0.4606361191150206,0.45959492965633497,0.458586163872895,0.45756350222863623,0.4565223127699503,0.4554996511256903,0.45439824627012043,0.4533385289970101,0.45232513125996315,0.451270045940458,0.45018716889931404,0.4491089238117768,0.4480677343530915,0.4470080170799797,0.4459575637140822,0.444944165977035,0.44387055284310406,0.44283862729163176,0.4418113336937656,0.4407979359567194,0.4397428506372145,0.4387572446218064,0.4376928953950885
sdg14_cpma,0.8687167499648298,0.8689190142209073,0.8691299902574875,0.8693289875958788,0.8695508533580916,0.869757473504423,0.8699630046781933,0.8701826924952839,0.8703904016141785,0.8705970217605111,0.8708156206050346,0.8710440202026251,0.8712473734312679,0.8714801289191106,0.8717139733795134,0.8719456398947936,0.8721990858613273,0.8724503538827374,0.8726939990962057,0.8729550678706828,0.8732074248646545,0.8734630487763145,0.8737186726879751,0.8739732076270752,0.874229920511298,0.8745084128467783,0.8747531470328107,0.8750261945054768,0.8753068647860839,0.8755755563684976,0.8758529597314165,0.876130363094334,0.876402321594437,0.8766808139299178,0.8769582172928347,0.8772258199026873,0.8774890666222893,0.8777697369028944,0.8780460512932496,0.8783278105464162,0.8786139256898379,0.878894595970443,0.8791611096077334,0.8794559365316563,0.8797562083183932,0.8800368785989999,0.8803317055229233,0.8806265324468455,0.8809148255353929,0.8811998517062505,0.8814805219868569,0.8817731709656533,0.882056019191386,0.8823639137860626,0.8826543848197335,0.8829742581126021,0.8832560173657701,0.8835497553171323,0.8838554719666828,0.8841535658082937,0.8844483927322178,0.8847541093817692,0.8850565591136331,0.8853426742570522,0.8856168107022805,0.8859149045438941,0.886211909412941,0.8865121811996785,0.8868222537394818,0.887112724773154,0.8874075516970781,0.8877230690996943,0.8880298747218084,0.8883214347280423,0.8886162616519653,0.8889296011094566,0.8892505633748881,0.8895453902988109,0.8898554628386134,0.8901698912686683
sdg14_fishstocks,0.86660112337302,0.8715195541166051,0.8766236622498732,0.8816534994272588,0.8865533624318731,0.8915460641313143,0.8969101206101885,0.9022556093500712,0.9075825303509867,0.9127609094401551,0.9180506949631239,0.9233961837030241,0.9287602401818801,0.9342357030945652,0.9395254886175497,0.9449081128353706,0.9486694941582021,0.951716506487525,0.9543451455250259,0.9567865234790243,0.959140725242248,0.9612089887408902,0.9629195549166114,0.9644255002840921,0.9659747952953133,0.967593021652633,0.969046506811703,0.9702811083966186,0.9716678705813474,0.9728368137611005,0.9741020982065112,0.9751835493808312,0.9759921487168156,0.9768727666734397,0.9776341477995899,0.9783674116105179,0.9788876928030316,0.9795377510755363,0.9802408845501499,0.9808853946936775,0.9814803436323014,0.9822636490185389,0.9827582209650357,0.9833348203681586,0.9837968354030938,0.9843864262258964,0.9847725954329232,0.9852325877624957,0.9858230742519778,0.9863500895974049,0.9866854034004918,0.9870350424390085,0.9874306890685054,0.9878523449855392,0.9880945279943908,0.9885833151023883,0.9890415240407281,0.9894001794998445,0.9897014222467294,0.9899884972342702,0.9903423884605973,0.990697249249514,0.9910197502196808,0.9912637263040283,0.9915273857396301,0.991806933856295,0.9920083327666994,0.9922922069670788,0.9925457326276726,0.992741917729817,0.9930024502741686,0.9931226452408456,0.9933840012980986,0.9936589312316634,0.993897099624717,0.9940708387375187,0.9941498739261891,0.9943104148422384,0.9944861669761376,0.9946620748439948
sdg14_trawl,0.9618175428174822,0.9667761873794638,0.9713309689932377,0.9759095072510102,0.9800430986078824,0.9832890758533473,0.9851126837331152,0.986061974967252,0.9872997791422233,0.9879744708403274,0.9888324598418533,0.9893738494095285,0.9897965341722974,0.9898524810648672,0.9903175107458231,0.9908703877186283,0.9911411406617393,0.9913880280892151,0.9917102193284245,0.9916928549181214,0.9918850142892578,0.9920261454219599,0.992207216487049,0.99233561685286,0.9924359097117855,0.9925784874792509,0.9929504721344367,0.9927906927179099,0.992697574115541,0.9927256546776183,0.9928178173482262,0.9929353166947655,0.9930236143669475,0.9930434105187722,0.9932880754086657,0.9933869400383304,0.993560139170109,0.99389212388326,0.9939922809257511,0.9939980869626959,0.9942281155312954,0.9941856347966749,0.9943245348524892,0.9943535198759842,0.9943734763697732,0.9944449090630529,0.9944540672891633,0.9945730132704664,0.9945800762361229,0.9944881142301489,0.9946852927768284,0.9947076027860768,0.9947609845399691,0.9949817924535352,0.9950464228554392,0.9951250433722235,0.9951718810897479,0.9951259502529196,0.9951693402875138,0.9951839766088075,0.9951319521159433,0.995215504853814,0.9953117883585761,0.9952660827119139,0.9952332705933846,0.9954339616711968,0.995425840022185,0.9954048248450411,0.9953858400801506,0.9952736339612961,0.995277084063503,0.9952581972116528,0.995204044393495,0.9952388269146294,0.9952936907874023,0.9953537120714274,0.9953182563990698,0.9953785004539853,0.9954013232724921,0.9954628266753962
sdg15_cpta,0.8623313949923217,0.8624610904717493,0.8625777636903948,0.8626962972320155,0.8628098699123777,0.862942045822451,0.8630661603329804,0.8631939954894559,0.8633181099999864,0.863450285910059,0.8635861824660744,0.8637152578378641,0.8638455734249672,0.8639833303039555,0.8641285284748302,0.8642718663227329,0.8644201650318929,0.864572804494654,0.8647254439574141,0.8648700220206311,0.865040024497793,0.865195144391182,0.8653428229926852,0.8654991831013888,0.8656555432100916,0.8658224451489681,0.8659856264418996,0.8661370256893453,0.8663082683818211,0.8664733099977258,0.8666408320442585,0.8668126948443899,0.8669845576445232,0.8671483590451132,0.8673121604457021,0.867491464537721,0.8676589865842523,0.8678234080924995,0.8679859692777752,0.8681609326161936,0.8683290747703835,0.8685077587547456,0.8686901633850497,0.8688638865081542,0.8690407101695434,0.8692212544768773,0.8694024188918662,0.869579242553257,0.869761647183561,0.8699471523521514,0.8701258363365127,0.87029893935196,0.8704763831210071,0.8706488660287961,0.8708349913050439,0.8710242171195779,0.8712122027187966,0.8713908867031582,0.8715763918717483,0.8717649975786256,0.8719430614553294,0.8721248459779767,0.8723091109312536,0.8724871748079576,0.8726670990076334,0.8728457829919943,0.8730350088065271,0.8732192737598028,0.8734122202202789,0.8736014460348129,0.8737888115263749,0.8739823780945083,0.8741709838013839,0.8743670308001465,0.8745481952151368,0.8747337003837267,0.8749154849063739,0.875112152012793,0.8753088191192123,0.8754868829959176
sdg15_redlist,0.9710000000000029,0.9709434884087539,0.9708796420199123,0.9708223154511307,0.9707625439498407,0.9707027724485481,0.9706381110822023,0.9705815994909531,0.9705218279896608,0.9704579816008074,0.9704088048071378,0.9703539231709041,0.9702892618045562,0.9702311202582868,0.9701762386220526,0.9701189120532795,0.9700640304170381,0.970009148780808,0.9699469323469883,0.969890420755733,0.9698363540970113,0.9697814724607686,0.9697282207795472,0.9696725241658073,0.9696184575070819,0.9695586860057888,0.9695029893920468,0.9694489227333154,0.9693899662095277,0.9693407894158592,0.9692867227571373,0.9692367309859594,0.9691867392147836,0.9691285976685057,0.9690753459872864,0.9690229092835771,0.9689639527597981,0.9689090711235633,0.9688558194423487,0.9687936030085239,0.9687379063947761,0.9686838397360475,0.9686240682347578,0.9685700015760325,0.9685143049622885,0.968456978393521,0.9684069866223417,0.9683521049861044,0.9683045581474575,0.9682537513987701,0.9682029446500835,0.968154582833921,0.968103776085233,0.9680456345389572,0.9679972727228011,0.9679464659741132,0.9678907693603678,0.9678350727466208,0.9677785611553638,0.9677196046315801,0.9676736877479536,0.9676220660217544,0.9675704442955569,0.9675277873219644,0.9674753506182544,0.9674196540045105,0.9673664023232944,0.967320485439665,0.9672639738484098,0.9672107221671928,0.9671656202610686,0.9671058487597768,0.9670542270335777,0.9670099401049694,0.9669640232213392,0.9669075116300845,0.9668591498139214,0.966805898132705,0.9667583512940555,0.96670672956786
sdg16_homicides,0.9914212066173036,0.9913923275988867,0.9913657583392709,0.9913352111616941,0.9913072303828131,0.9912798912036033,0.9912544768233897,0.9912298323627806,0.9912033914230995,0.991176950483421,0.9911542308218243,0.9911298430010858,0.9911077649391562,0.9910841470380185,0.9910604008169522,0.9910370395556864,0.991014448214019,0.9909930117517608,0.9909713186496334,0.9909498821873723,0.9909276758055106,0.9909061110233183,0.990886984319869,0.9908654195376739,0.9908450096348854,0.9908237014925622,0.9908025216701677,0.9907814701677112,0.990761445224724,0.9907444999601486,0.9907287095749815,0.9907093262316634,0.9906890446488091,0.9906692763456889,0.9906522027611808,0.9906351291766738,0.9906163874330244,0.9905986722488482,0.9905803154650016,0.990561830361219,0.9905439868571086,0.9905279398320728,0.9905102246478958,0.9904931510633853,0.9904765907586137,0.9904604154136445,0.990441801989928,0.9904234452060813,0.9904064999415091,0.9903900679566692,0.9903754324509049,0.9903604119853389,0.9903435950406992,0.9903274196957268,0.9903100894713519,0.9902935291665804,0.9902776104614752,0.9902618200763057,0.9902460296911385,0.9902301109860329,0.9902136790011947,0.9901966054166875,0.9901815849511223,0.9901665644855561,0.9901515440199891,0.9901369085142255,0.9901220163685918,0.9901068675830922,0.9900914621577257,0.9900777248914981,0.9900620628262609,0.990046785720828,0.9900317652552626,0.9900173863893651,0.9900028792035336,0.989988372017704,0.9899736081920052,0.9899593576460418,0.9899434389409394,0.9899298299946457
sdg16_prison,0.9467497640277428,0.9469035037202254,0.9470622942198402,0.9472076159004156,0.947361355592889,0.9475201460925143,0.9476750081865748,0.9478337986861989,0.9480015683985147,0.9481704605124253,0.9483404750279154,0.9485138567481743,0.9486816264604897,0.9488555693815427,0.9490216554914799,0.9492006492196764,0.9493818877510412,0.9495625650816177,0.9497426812113954,0.9499233585419709,0.9501034746717494,0.9502914476126455,0.95046314573052,0.9506365274507775,0.9508155211789683,0.950988902899228,0.9511723862337679,0.9513569919699009,0.9515382305012672,0.9517245198397799,0.9519147375838448,0.952093170111246,0.952276092244994,0.9524674323906496,0.9526559665323336,0.952849551481164,0.9530335960164986,0.9532232525597741,0.9534162763078067,0.9536143508629882,0.9538040074062586,0.9539992759574715,0.9542012789182036,0.9543999146741787,0.9545974280285644,0.9547926965797727,0.9549924547373337,0.9551955800996537,0.9553902874500724,0.9555945352139801,0.95579260976916,0.9559856335171939,0.95619212608428,0.9563913230410437,0.956594448403367,0.9567908393561638,0.9569922811161047,0.9571926004744572,0.9573979706399548,0.9575982899983077,0.9578014153606292,0.9580062243253321,0.9582031764789236,0.9584068630420381,0.9586116720067421,0.9588232153809692,0.9590308303496416,0.9592390065191052,0.9594438154838096,0.9596463796453358,0.9598584842203584,0.9600655379882352,0.9602815709688123,0.9604942367446259,0.96070521891806,0.9609128338867313,0.9611299892688955,0.9613415326431213,0.9615519536157635,0.9617623745884013
sdg16_rsf,0.9187000000000011,0.9181585031571766,0.9176387251080117,0.9170952538294014,0.9165241404497824,0.9159846180427559,0.9154411467641463,0.9149095221002542,0.9143897440510873,0.9138640426945532,0.9133659834390312,0.9128481798256444,0.9123678904921998,0.9118797034156091,0.9113599253664345,0.9108500194961962,0.9103499858048869,0.9098499521135782,0.9093222763212604,0.9088419869878134,0.908332081117575,0.9078241496831212,0.9072984483265895,0.9067845935847773,0.9063023298155443,0.90578452620216,0.9052568504098429,0.9047726122048245,0.9042903484355912,0.9037883403084956,0.9032823833098286,0.9027724774395863,0.902294162541928,0.9017941288506186,0.9013019929024548,0.9008394734910847,0.9003710307723549,0.8999183835399185,0.8994696851790522,0.8990209868181869,0.8985643907141758,0.898090024688086,0.8976393518914374,0.8971886790947834,0.8967222108118409,0.8962616658362583,0.8958228396543232,0.8953721668576706,0.8949096474463007,0.8944333069844272,0.8939668387014847,0.8934766771891074,0.8929726946262256,0.8925378173158642,0.8921088633128598,0.8916483183372776,0.8911759267469774,0.890695637413529,0.8902390413095183,0.8897765218981492,0.8893061047436334,0.8888593808185546,0.8884126568934732,0.8879521119178921,0.8874876180707347,0.8870507663245867,0.8866040423995071,0.8861671906533584,0.8857066456777741,0.8852539984453364,0.8847954279055391,0.8843190874436656,0.883850644724937,0.8834434095155823,0.882994711154718,0.8825381150507057,0.8821348287129226,0.8816960025309903,0.881259150784841,0.8808144012955476
sdg17_govex,0.5268305349250424,0.5271945729045336,0.5277799726735284,0.5283355259090972,0.5289383361559132,0.5295088126581913,0.5300668531048842,0.5306572272961092,0.531252575909569,0.5318429501007957,0.5324109393919572,0.5329963391609461,0.5335892005632887,0.5341870363878679,0.5347997954791542,0.5353802208259075,0.5360004415505479,0.5366082262195987,0.537220985310885,0.5378387188244074,0.5384589395490483,0.5391065195959865,0.5397217658983912,0.5403196017229703,0.5409721561921434,0.5415849152834302,0.5422921883972014,0.5429298195996664,0.5435400914798362,0.5441553377822401,0.5448029178291781,0.5454330873982906,0.5460582825451674,0.5467158114365779,0.5473459810056905,0.548001022685982,0.5486237306217409,0.5492663362464426,0.549906454660028,0.5505490602847295,0.551196640331668,0.5518690924897862,0.5525092109033706,0.5531294316280113,0.5537645756193597,0.5544096684551804,0.5551343520467756,0.55581177862713,0.5564817435741305,0.5571964783212544,0.5578564944237817,0.5585364082152539,0.559213834795608,0.5598614148425468,0.5605761495896702,0.5612336784810809,0.5619608492837935,0.5626357886530302,0.5632584965887891,0.563913538269081,0.5645362462048397,0.5651539797183618,0.5657468411207046,0.5663770106898176,0.5669872825699864,0.5675776567612107,0.5681779797969072,0.5688031749437842,0.5694432933573685,0.570061026870891,0.5706911964400037,0.5713064427424075,0.5719216890448123,0.5724971399693294,0.5731098990606165,0.5737500174742003,0.5743627765654872,0.5749780228678916,0.5756131668592395,0.5762159771060547
sdg17_oda,0.4669047764292884,0.46429752542402114,0.46154256694608625,0.45846265202827374,0.4555009030885997,0.4526770144567469,0.44999098613272376,0.44713755600633953,0.4444712220120051,0.4418245823473596,0.43910901252880036,0.43667901049073865,0.43419977262845233,0.431602368788029,0.428857257474937,0.42642725543687426,0.42405633638787976,0.42145893254745764,0.4191569436523754,0.4165989284713311,0.41427724524656034,0.41182754887880824,0.4093778525110559,0.40709555794566377,0.4048132633802703,0.40247188582580945,0.40011081394166,0.3978285193762665,0.3955659191405634,0.39341163771815174,0.3911194959879139,0.3889553674006578,0.38684047463762483,0.3847354290394359,0.38252206462795596,0.38022007573287364,0.3781051829698406,0.37588197139351626,0.3737079956414148,0.3715438670541578,0.36936989130205744,0.3674617890007613,0.3655536866994671,0.36374405604661836,0.3618162594156339,0.35981953263073674,0.3578523473403742,0.355954092203923,0.3540755313971623,0.3521280404364889,0.3501903966406589,0.34828229433936453,0.34634465054353536,0.34434792375863804,0.34243982145734336,0.3403249286943093,0.33852514520630594,0.33665643156438974,0.3347877179224735,0.3328993099508678,0.33103059630895093,0.3292111184912582,0.3273817935087209,0.3254835383722703,0.3236739077194214,0.32180519407750563,0.319966021930123,0.31807761395851736,0.31633691345958204,0.31480300342238404,0.31294413694531226,0.31112465912761944,0.30948243027713074,0.3076137166352146,0.3056859200042299,0.3039649138349834,0.30214543601729077,0.30024718088084046,0.29850648038190436,0.2967854742126586
